2018080200_success.json
{"header": { "discipline":0, "disciplineName":"Meteorological products", "gribEdition":2, "gribLength":74806, "center":7, "centerName":"US National Weather Service - NCEP(WMC)", "subcenter":0, "refTime":"2018-08-02T00:00:00.000Z", "significanceOfRT":1, "significanceOfRTName":"Start of forecast", "productStatus":0, "productStatusName":"Operational products", "productType":1, "productTypeName":"Forecast products", "productDefinitionTemplate":0, "productDefinitionTemplateName":"Analysis/forecast at horizontal level/layer at a point in time", "parameterCategory":2, "parameterCategoryName":"Momentum", "parameterNumber":2, "parameterNumberName":"U-component_of_wind", "parameterUnit":"m.s-1", "genProcessType":2, "genProcessTypeName":"Forecast", "forecastTime":0, "surface1Type":103, "surface1TypeName":"Specified height level above ground", "surface1Value":10.0, "surface2Type":255, "surface2TypeName":"Missing", "surface2Value":0.0, "gridDefinitionTemplate":0, "gridDefinitionTemplateName":"Latitude_Longitude", "numberPoints":65160, "shape":6, "shapeName":"Earth spherical with radius of 6,371,229.0 m", "gridUnits":"degrees", "resolution":48, "winds":"true", "scanMode":0, "nx":360, "ny":181, "basicAngle":0, "lo1":0.0, "la1":90.0, "lo2":359.0, "la2":-90.0, "dx":1.0, "dy":1.0 }, "data":
[rows 104 to 129 of 181, columns 228 to 284 of 360]
-7.266157,-7.2761574,-7.186157,-7.286157,-7.4661574,-7.956157,-8.356157,-8.446157,-8.526157,-7.656157,-7.346157,-8.266157,-9.066157,-8.836157,-8.706158,-8.616158,-8.646157,-8.956158,-8.976157,-8.596157,-8.376157,-8.236157,-8.366158,-8.496158,-8.626157,-8.606157,-8.376157,-8.116158,-8.1561575,-8.226157,-7.936157,-7.656157,-7.676157,-7.6061573,-7.516157,-7.7961574,-7.6961575,-7.5861573,-7.386157,-7.1261573,-7.0461574,-6.976157,-6.7761574,-6.8161573,-6.706157,-6.516157,-6.2561574,-6.0861573,-5.8361573,-5.6661572,-5.656157,-5.426157,-5.0461574,-4.496157,-3.5861573,-4.1961575,0.52384275
-6.5661573,-6.0261574,-6.286157,-6.676157,-7.0861573,-7.366157,-7.5661573,-7.8961573,-7.826157,-7.656157,-7.5061574,-8.086157,-8.1561575,-7.9861574,-8.346157,-8.426157,-8.646157,-8.896157,-9.026157,-8.736157,-8.586157,-8.566157,-8.756157,-8.756157,-8.806157,-8.686157,-8.566157,-8.496158,-8.476157,-8.226157,-7.956157,-8.046157,-7.9161572,-7.656157,-7.246157,-7.1661572,-7.426157,-7.1961575,-7.016157,-6.8361573,-6.5061574,-6.5061574,-6.7561574,-6.7161574,-6.6661572,-6.676157,-6.5261574,-6.3161573,-6.186157,-5.846157,-5.4861574,-5.2361574,-5.326157,-5.176157,-4.906157,-4.326157,-5.536157
-5.436157,-4.9461575,-4.8961573,-6.0261574,-6.996157,-7.0061574,-6.936157,-7.186157,-7.206157,-7.1461573,-6.866157,-7.326157,-7.7361574,-7.6661572,-8.036158,-8.196157,-8.106157,-8.436157,-8.666157,-8.736157,-8.846157,-8.916157,-8.756157,-8.696157,-8.916157,-8.856157,-8.616158,-8.376157,-8.126157,-8.206158,-8.196157,-7.8561573,-7.5461574,-7.246157,-6.976157,-6.7961574,-6.706157,-6.616157,-6.4161572,-6.176157,-6.056157,-5.8961573,-6.0061574,-5.8561573,-6.1461573,-6.2161574,-6.206157,-6.1661572,-5.9861574,-5.596157,-5.206157,-4.996157,-4.976157,-5.1261573,-5.2961574,-5.2161574,-5.116157
-4.886157,-4.386157,-6.616157,-6.406157,-6.4661574,-6.596157,-6.746157,-7.226157,-7.0861573,-6.846157,-6.616157,-7.156157,-7.4161572,-6.8961573,-7.7961574,-8.256157,-7.8761573,-7.996157,-8.246158,-8.586157,-8.726157,-8.896157,-8.876157,-8.846157,-8.806157,-8.836157,-8.076158,-7.846157,-7.976157,-8.066157,-7.8961573,-7.426157,-7.206157,-6.9461575,-7.016157,-6.866157,-6.766157,-6.656157,-6.4861574,-6.286157,-6.1061573,-5.9861574,-5.6461573,-5.3961573,-5.096157,-5.3561573,-5.4861574,-5.3961573,-5.3761573,-5.136157,-4.746157,-4.4861574,-4.5861573,-4.536157,-4.9461575,-5.036157,-4.806157
-5.516157,-7.2561574,-7.386157,-6.826157,-7.246157,-7.706157,-7.5261574,-7.096157,-6.686157,-6.536157,-6.5461574,-6.826157,-6.8561573,-7.1261573,-8.316157,-8.286158,-7.5661573,-7.6461573,-8.056157,-8.266157,-8.346157,-8.396157,-8.266157,-8.616158,-8.486157,-8.086157,-8.036158,-7.306157,-7.0461574,-7.6661572,-7.976157,-7.036157,-6.746157,-6.536157,-6.7361574,-6.6261573,-6.206157,-5.8561573,-5.4661574,-5.576157,-5.6661572,-5.3161573,-4.8961573,-4.686157,-4.616157,-4.4861574,-4.556157,-4.746157,-4.576157,-4.726157,-4.6661572,-4.4161572,-4.186157,-4.1961575,-4.1961575,-4.516157,-4.2361574
-5.226157,-5.6461573,-6.096157,-6.1961575,-6.4161572,-6.2361574,-6.056157,-6.116157,-6.326157,-5.806157,-6.3961573,-6.556157,-6.7361574,-7.136157,-7.136157,-6.976157,-7.556157,-7.4461575,-7.5061574,-7.936157,-8.386157,-8.566157,-8.726157,-8.816157,-8.246158,-7.2361574,-7.0261574,-7.056157,-6.686157,-7.826157,-7.3961573,-6.7161574,-6.2761574,-5.8961573,-6.0661573,-6.1061573,-5.436157,-5.326157,-5.3561573,-5.0261574,-4.9161572,-4.726157,-4.266157,-4.1461573,-4.116157,-4.1461573,-4.0861573,-4.076157,-4.436157,-4.3161573,-4.4461575,-4.496157,-4.3361573,-3.8761573,-3.8961573,-3.7861571,-3.6861572
-3.6461573,-4.3161573,-4.6961575,-5.016157,-5.1061573,-4.906157,-4.326157,-5.1961575,-5.1661572,-5.3961573,-5.4861574,-6.1961575,-6.2161574,-6.4661574,-7.0261574,-7.226157,-6.8361573,-7.3161573,-7.3361573,-7.2961574,-7.6061573,-7.686157,-7.7161574,-7.7361574,-7.436157,-6.676157,-6.136157,-6.5461574,-6.2761574,-7.176157,-7.056157,-6.496157,-5.926157,-5.556157,-5.7761574,-5.3361573,-5.186157,-5.346157,-4.936157,-4.6261573,-4.846157,-4.476157,-4.116157,-4.0061574,-3.8761573,-3.9461572,-4.036157,-4.186157,-4.176157,-4.226157,-4.346157,-4.0261574,-4.226157,-3.9761572,-3.4061573,-3.4461572,-2.9461572
-1.7461572,-2.5161572,-3.2961571,-3.6161573,-3.8861573,-3.556157,-3.7361572,-3.3561573,-3.8561573,-4.1961575,-4.706157,-5.266157,-4.9861574,-6.306157,-6.826157,-6.746157,-7.156157,-7.0861573,-6.846157,-6.8561573,-7.0661573,-6.926157,-6.6961575,-7.4161572,-7.246157,-6.2561574,-6.076157,-5.6661572,-5.976157,-6.4461575,-6.616157,-5.996157,-5.5261574,-5.426157,-5.346157,-5.0861573,-4.9861574,-4.8761573,-5.1661572,-4.596157,-4.186157,-4.226157,-3.9561572,-4.156157,-3.6961572,-4.246157,-4.2161574,-4.0461574,-3.8561573,-3.6261573,-3.4661572,-3.7361572,-3.5961573,-3.7961571,-3.1761572,-2.7661572,-2.4061573
-0.07615723,-0.72615725,-1.4661572,-1.7861573,-2.6961572,-1.9461572,-1.4761572,-1.0561572,-3.0461571,-3.7061572,-4.0861573,-4.2561574,-5.706157,-6.246157,-6.326157,-6.6461573,-7.1461573,-6.7161574,-6.3561573,-6.7961574,-6.8961573,-6.746157,-6.766157,-6.656157,-6.686157,-6.1061573,-5.726157,-5.6461573,-5.656157,-5.5661573,-5.8161573,-5.3361573,-4.9661574,-4.6261573,-4.656157,-4.456157,-4.8361573,-4.726157,-4.176157,-3.9661572,-3.7961571,-3.5861573,-3.3961573,-3.806157,-3.8661573,-3.6661572,-3.8861573,-4.1261573,-3.3361573,-2.7061572,-2.7361572,-2.9661572,-3.4661572,-2.8861573,-2.8261573,-2.2061572,-2.1361573
1.3838428,1.1338428,0.43384278,-0.15615723,-0.3861572,-0.27615723,0.26384276,-0.45615724,-0.6861572,-2.6261573,-3.3761573,-3.6361573,-4.0461574,-4.656157,-5.3361573,-5.676157,-5.9161572,-6.1461573,-6.596157,-7.016157,-6.3561573,-6.456157,-6.496157,-6.1461573,-5.6661572,-5.3561573,-5.246157,-5.2161574,-4.866157,-4.266157,-4.676157,-4.2561574,-4.226157,-3.9461572,-3.7561572,-3.8261573,-3.2161572,-3.6561573,-3.4261572,-2.8561573,-2.8361573,-3.2961571,-3.1261573,-3.0761573,-3.3661573,-3.3561573,-4.1261573,-3.0961573,-2.2761571,-1.9961572,-1.9361572,-2.2761571,-2.5061572,-2.4961572,-2.4361572,-2.1061573,-2.0361571
3.2838428,2.943843,2.6438427,1.5838428,1.3638427,0.84384274,-1.1661572,-1.4161572,-1.4261572,-1.2661573,-1.8561572,-2.2861571,-3.1361573,-3.3661573,-4.886157,-5.0061574,-5.6061573,-5.866157,-6.286157,-6.1261573,-6.186157,-6.4161572,-5.2761574,-4.616157,-4.3561573,-3.8961573,-3.7561572,-3.5461571,-3.2561572,-2.7461572,-2.6761572,-3.0161572,-2.806157,-2.7361572,-2.6161573,-2.4161572,-2.556157,-2.7461572,-2.8561573,-2.3561573,-2.7861571,-2.8261573,-1.3161572,-1.7261572,-3.1661572,-4.996157,-3.806157,-2.5361571,-1.9961572,-2.2961571,-1.8261572,-1.6061572,-1.7361572,-2.3161573,-2.0161572,-2.1561573,-1.9961572
4.3738427,3.8238428,3.8038428,2.6538427,2.5038428,2.3738427,1.5338428,0.41384277,0.033842772,0.043842774,-0.036157228,-1.3261572,-2.2761571,-2.2161572,-4.036157,-4.0061574,-4.616157,-5.096157,-5.4661574,-5.286157,-5.0261574,-4.6261573,-4.2161574,-4.076157,-3.9161572,-3.2861571,-1.8461572,-0.54615724,-0.53615725,-0.21615723,-0.6361572,-0.61615723,-0.97615725,-1.0461572,-1.2561573,-1.2861573,-1.3861573,-1.6361573,-1.8461572,-2.0061572,-2.3561573,-3.0661573,-3.2761571,-4.456157,-5.286157,-3.8161573,-2.7361572,-2.556157,-3.3261573,-2.2961571,-2.1061573,-1.8961573,-1.8561572,-2.6761572,-2.1161573,-2.3661573,-1.9361572
5.063843,5.0138426,4.1038427,3.8338428,3.3438427,3.3038428,3.0738428,1.8438427,1.4838427,0.7238428,0.5638428,-0.41615722,-0.5061572,-2.4161572,-3.3761573,-2.7061572,-3.4361572,-3.4161572,-4.366157,-4.556157,-4.2361574,-3.7261572,-3.1161573,-2.6961572,-2.2161572,-1.6061572,-0.84615725,-0.23615722,1.5838428,2.8938427,2.7438428,2.5338428,2.1138427,1.4738427,0.9738428,0.27384278,-0.13615723,-0.5061572,-0.60615724,-1.0261573,-1.3861573,-1.7961572,-2.0961573,-4.076157,-3.7261572,-2.8561573,-2.4061573,-2.3461573,-2.5961573,-2.0661573,-2.1661572,-2.3161573,-2.5261571,-2.8761573,-2.4261572,-2.3561573,-1.4861572
5.823843,5.2438426,5.023843,4.813843,3.7838428,3.6838427,3.443843,2.7938428,2.6238427,1.5838428,1.1538428,0.043842774,-0.056157228,-0.42615724,-2.2061572,-1.4461572,-1.6161572,-2.5361571,-2.9761572,-3.1261573,-2.8661573,-2.0661573,-0.7161572,0.22384277,1.1638428,1.9438428,2.2338428,2.1438427,2.4238427,2.5038428,3.7038429,4.7038426,4.6638427,4.383843,3.7638428,3.0638428,2.0538428,1.4038428,0.5638428,0.6238428,0.08384278,0.013842774,-0.45615724,-2.806157,-2.7361572,-1.8461572,-2.0161572,-3.1961572,-2.7461572,-2.4561572,-1.8661572,-2.2961571,-2.6061573,-2.4661572,-2.8461573,-2.1961572,-1.2161572
7.2038426,6.503843,6.063843,5.2838426,5.2238426,4.4338427,3.7638428,3.5538428,2.5738428,2.7438428,1.9638427,1.3038428,1.1838428,-0.07615723,-1.0161573,-0.66615725,-1.2961572,-1.7961572,-1.7761573,-1.4661572,-0.6861572,1.0838428,2.2738428,-0.48615724,-2.5161572,-2.2461572,-1.3961573,0.30384278,3.1438427,4.843843,4.7438426,4.5338426,5.813843,6.2238426,6.063843,5.503843,4.693843,4.0338426,3.0438428,2.1738427,2.3738427,1.5338428,0.89384276,-0.16615723,-1.2361572,-1.2761573,-2.7461572,-2.4061573,-2.0861573,-1.7861573,-1.6861572,-1.6561573,-2.0661573,-2.1261573,-2.3261573,-1.4761572,-0.7061572
9.633842,7.863843,8.023843,7.043843,6.023843,5.173843,4.5838428,3.9038427,2.9738429,3.193843,2.6338427,1.3138428,0.5538428,0.34384277,0.32384276,-0.21615723,-0.47615722,-0.31615722,-0.046157226,0.89384276,-0.29615724,-3.8661573,-2.8761573,-1.4261572,-1.7661573,-1.6961572,-1.1961572,-0.5061572,-0.66615725,-2.1961572,-1.8361572,1.1638428,5.3338428,6.2038426,7.233843,6.983843,6.573843,6.313843,5.923843,5.3938427,4.8338428,4.543843,3.4338427,2.8038428,1.7138427,-0.18615723,-1.3161572,-1.5061573,-0.9561572,-0.86615723,-1.3261572,-0.79615724,-1.6861572,-2.0761573,-1.5861572,-0.92615724,-0.30615723
8.683843,10.223843,8.823843,9.243843,8.283843,6.093843,4.483843,3.8338428,3.8738427,3.8138428,3.6738427,2.3938427,1.3038428,1.3938428,1.4938427,1.2338427,1.6138427,1.9738427,1.2638428,-0.41615722,-1.4961572,-2.2361572,-2.2361572,-2.2761571,-2.0761573,-1.5961572,-1.1661572,-0.8261572,-0.45615724,0.11384277,0.89384276,1.1638428,0.6238428,1.2138427,5.173843,8.133842,7.6638427,7.153843,7.503843,7.4538426,6.753843,6.293843,5.7638426,4.7238426,4.153843,2.4538429,0.94384277,0.34384277,0.77384275,0.023842774,-0.33615723,-0.5661572,-1.1061572,-1.6461573,-1.1961572,-0.65615726,-0.056157228
7.9938426,8.533843,10.383842,10.403843,8.913843,8.073843,7.193843,4.7838426,4.313843,4.0838428,3.5338428,3.1038427,2.5338428,2.6838427,3.4938428,3.0238428,3.7738428,1.3438427,0.27384278,-0.3861572,-1.1961572,-1.7661573,-1.3861573,-1.2461572,-1.1061572,-0.046157226,0.3938428,0.7938428,1.4238428,1.6038427,2.0438428,2.3538427,2.6338427,2.7138429,2.8538427,3.0238428,5.813843,9.413843,8.163843,7.943843,7.8738427,7.573843,6.903843,6.403843,5.2638426,4.0838428,3.0338428,2.2638428,2.3038428,1.8038428,1.1138427,0.49384278,-0.12615722,-1.2661573,-0.5861572,-0.25615722,0.16384277
8.713842,2.7738428,-0.9461572,-1.2161572,8.233843,5.253843,6.3738427,7.213843,5.693843,5.8038425,4.443843,3.3038428,2.7638428,3.3438427,4.153843,3.7338428,2.8238428,0.9838428,0.6138428,-0.26615724,-0.34615722,-0.46615723,-0.27615723,-0.23615722,0.4238428,1.3938428,1.8538427,2.0938427,2.2838428,2.8338428,3.3738427,3.5438428,4.0138426,4.3338428,4.6838427,5.2238426,5.7038426,5.343843,9.313843,10.023843,8.423842,7.6838427,7.5838428,7.1438427,7.043843,5.8538427,4.6238427,3.693843,3.443843,2.8838427,2.8038428,2.0338428,0.7438428,-0.54615724,-0.18615723,0.25384277,0.7338428
9.063843,8.293842,4.153843,4.2038426,6.443843,4.613843,9.083843,6.113843,6.423843,6.3538427,5.5138426,3.9938428,3.1338427,3.0638428,3.2838428,3.3738427,2.1838427,0.28384277,0.58384275,0.25384277,0.59384274,0.94384277,1.1538428,1.5338428,1.9438428,2.3538427,2.8138428,3.0838428,3.5138428,3.943843,4.323843,4.5338426,5.0138426,5.7038426,5.573843,6.403843,7.093843,6.9938426,7.2638426,7.5538425,11.813843,9.733843,8.733843,8.063843,7.253843,6.7838426,6.3738427,5.1438427,4.503843,4.1838427,3.8538427,3.2538428,1.1938428,-0.116157226,-0.0061572264,0.57384276,0.8138428
9.323843,8.673842,4.463843,5.003843,6.003843,6.073843,4.4538426,6.233843,7.093843,5.653843,5.7038426,4.463843,3.8338428,3.6538427,3.5738428,3.4738429,2.7438428,0.5438428,1.0938427,0.9138428,1.4838427,2.0838428,2.5638428,3.2238429,3.1638427,3.1638427,3.5038428,3.9138427,4.5538425,5.3038425,5.7438426,6.023843,6.563843,6.943843,7.0838428,7.7438426,8.353843,8.363843,9.083843,9.003842,9.033843,11.503842,12.443843,9.543842,8.153843,7.2838426,6.813843,6.713843,5.573843,5.093843,4.403843,3.693843,2.0838428,1.1938428,0.9938428,0.8538428,0.76384276
8.033843,8.3438425,5.1638427,5.3738427,4.7238426,5.823843,5.4738426,3.6838427,3.3438427,6.383843,3.9138427,5.2838426,5.133843,4.0838428,4.1038427,3.4938428,2.4738429,1.4038428,1.5438428,1.8638427,2.2338428,2.3838427,3.1238427,4.0538425,4.3738427,3.8438427,3.8838427,4.9938426,5.923843,6.2838426,6.7638426,7.213843,7.4538426,7.7438426,8.073843,8.773843,9.433843,9.943843,10.873843,11.373843,11.513843,11.573843,12.073843,13.543842,9.523843,8.263843,7.2438426,6.923843,6.313843,5.483843,4.733843,4.0138426,2.9938428,2.2538428,2.1038427,0.9338428,0.5038428
8.793842,6.2238426,4.573843,5.3338428,4.6838427,5.1838427,5.543843,4.173843,3.0838428,3.0138428,3.7638428,5.403843,5.563843,4.7038426,4.483843,4.4338427,2.8638427,1.9638427,1.5238428,1.4438428,1.3138428,2.2638428,3.1538427,4.863843,4.8938427,4.483843,5.253843,6.073843,6.6638427,7.093843,7.383843,7.9938426,8.213842,8.783843,9.023843,9.873843,10.203843,10.433843,11.893843,13.0938425,13.503842,13.243843,11.603843,12.173842,12.863843,8.943843,8.203843,6.863843,6.2238426,5.863843,5.2838426,4.313843,3.9138427,2.8638427,2.0638428,0.83384275,0.27384278
7.213843,5.983843,4.363843,4.773843,4.713843,4.9138427,3.9038427,2.0138428,1.4638427,1.3038428,2.2838428,3.0238428,3.2738428,4.1838427,4.7838426,4.253843,3.5638428,1.9038428,0.9738428,0.45384276,1.1938428,3.4038427,4.523843,5.4338427,4.563843,5.313843,6.193843,6.9138427,7.3338428,7.483843,7.843843,8.433843,9.253842,9.873843,10.583843,10.883842,11.903843,12.743843,14.043842,15.183843,15.213842,13.663843,11.873843,10.773843,12.263843,10.583843,8.833843,7.273843,6.2238426,5.593843,5.023843,4.3538427,4.153843,3.3738427,2.3138428,0.6838428,0.31384277
6.233843,5.5138426,3.2338428,4.233843,5.153843,4.9738426,3.3838427,2.7438428,1.7538428,2.2038429,2.7738428,3.5638428,3.3038428,3.3938427,4.073843,4.0138426,2.2938428,0.8038428,1.2338427,1.3938428,3.5238428,4.293843,5.6238427,5.253843,5.2838426,6.3738427,7.253843,7.653843,7.713843,7.573843,8.603843,9.653843,10.223843,10.573843,11.233843,11.783843,12.443843,13.433843,14.723843,16.283842,16.753843,15.083843,13.063843,12.143843,10.793842,11.913843,8.103843,7.5338426,5.423843,4.4338427,4.1438427,4.233843,4.2038426,3.5038428,2.3138428,0.96384275,0.6138428
5.7038426,5.2238426,3.6138427,3.3538427,4.613843,4.563843,3.7038429,3.8238428,4.0138426,3.5938427,4.0138426,3.8438427,3.4938428,4.0838428,4.3938427,2.8138428,0.27384278,0.7538428,1.2838428,2.0738428,2.9638429,4.983843,5.863843,5.963843,6.693843,7.233843,7.773843,8.033843,8.363843,8.643843,9.883842,10.463842,10.763843,11.413843,11.853843,12.663843,13.553843,14.263843,15.503842,16.653843,17.543842,17.223843,15.123843,13.133842,10.883842,9.8438425,9.253842,6.383843,5.0538425,3.3638427,3.1838427,3.8338428,4.1438427,3.2838428,2.1338427,1.2938428,1.4638427
