2018080200_success.json
{"header": { "discipline":0, "disciplineName":"Meteorological products", "gribEdition":2, "gribLength":74806, "center":7, "centerName":"US National Weather Service - NCEP(WMC)", "subcenter":0, "refTime":"2018-08-02T00:00:00.000Z", "significanceOfRT":1, "significanceOfRTName":"Start of forecast", "productStatus":0, "productStatusName":"Operational products", "productType":1, "productTypeName":"Forecast products", "productDefinitionTemplate":0, "productDefinitionTemplateName":"Analysis/forecast at horizontal level/layer at a point in time", "parameterCategory":2, "parameterCategoryName":"Momentum", "parameterNumber":2, "parameterNumberName":"U-component_of_wind", "parameterUnit":"m.s-1", "genProcessType":2, "genProcessTypeName":"Forecast", "forecastTime":0, "surface1Type":103, "surface1TypeName":"Specified height level above ground", "surface1Value":10.0, "surface2Type":255, "surface2TypeName":"Missing", "surface2Value":0.0, "gridDefinitionTemplate":0, "gridDefinitionTemplateName":"Latitude_Longitude", "numberPoints":65160, "shape":6, "shapeName":"Earth spherical with radius of 6,371,229.0 m", "gridUnits":"degrees", "resolution":48, "winds":"true", "scanMode":0, "nx":360, "ny":181, "basicAngle":0, "lo1":0.0, "la1":90.0, "lo2":359.0, "la2":-90.0, "dx":1.0, "dy":1.0 }, "data":
[rows 78 to 103 of 181, columns 57 to 113 of 360]
6.793843,6.8038425,6.8038425,7.1438427,7.293843,7.323843,7.5138426,7.213843,7.313843,7.6238427,7.773843,7.863843,7.5138426,7.543843,6.9538426,5.9738426,5.863843,5.173843,2.9338427,1.4638427,3.4738429,1.0738428,3.193843,3.3238428,6.543843,6.5838428,6.9538426,6.343843,6.463843,5.9538426,6.443843,7.093843,7.633843,7.613843,8.053843,6.9738426,5.593843,5.6638427,6.0538425,6.003843,7.793843,10.053843,-0.026157226,6.573843,9.493843,10.793842,1.9738427,0.8738428,2.2338428,0.8638428,-0.46615723,0.6638428,0.65384275,5.0138426,6.6838427,6.9538426,6.563843
6.173843,6.193843,6.613843,7.0838428,7.173843,7.3738427,7.1638427,6.923843,6.963843,6.9738426,6.943843,6.7838426,6.9138427,6.363843,5.523843,5.323843,5.2638426,4.3038425,3.6538427,-0.42615724,3.7138429,5.573843,5.1238427,4.153843,6.903843,6.7638426,6.2838426,5.8338428,5.8938427,6.023843,6.463843,7.1438427,7.4138427,7.6838427,7.6038427,6.9738426,6.2038426,5.2838426,4.943843,4.9538426,6.943843,7.773843,1.8338428,9.613843,10.573843,9.783843,9.493843,2.7738428,5.293843,5.153843,3.0238428,3.7138429,9.963842,9.493843,8.813843,8.303843,7.8738427
5.733843,6.133843,6.923843,7.0138426,7.2638426,7.173843,6.793843,6.863843,6.6438427,6.3038425,6.093843,5.823843,5.4938426,4.8738427,4.153843,4.343843,4.273843,4.6238427,3.3338428,2.943843,1.4138428,1.5838428,-1.0061573,3.5938427,7.1238427,6.983843,7.1838427,5.2238426,5.523843,5.923843,6.483843,6.843843,6.9738426,7.3038425,7.1438427,6.6238427,5.813843,5.5338426,4.813843,5.3738427,6.7238426,6.923843,1.7638428,7.7838426,9.123843,9.063843,8.883842,10.223843,9.903843,4.943843,10.293842,10.753842,10.323843,9.253842,9.063843,8.683843,8.753842
6.0538425,6.573843,6.813843,6.923843,6.813843,6.613843,6.823843,5.8938427,6.1238427,5.4338427,4.773843,4.673843,4.363843,3.4238427,3.2838428,3.9238427,4.2638426,4.043843,4.023843,4.323843,1.1638428,4.2838426,4.253843,3.9538429,6.2838426,8.703843,4.5838428,5.093843,5.693843,5.943843,6.2238426,6.4738426,6.693843,6.613843,6.323843,5.8538427,5.1438427,4.8938427,5.213843,5.653843,6.693843,7.253843,0.9938428,1.4738427,5.213843,6.573843,7.5538425,10.123843,4.423843,10.953843,11.033843,10.183843,9.453843,8.753842,9.083843,8.063843,9.183843
6.443843,6.5338426,6.7238426,6.863843,6.3038425,6.7038426,6.193843,5.5138426,5.0838428,3.8438427,2.7138429,2.9538429,3.3038428,2.6538427,3.2938428,3.4138427,3.9838428,3.8638427,4.8738427,5.7238426,5.673843,10.633842,9.743843,3.1638427,3.2438428,2.0238428,5.093843,6.4138427,5.9138427,5.9538426,5.8338428,6.1438427,6.003843,5.8038425,5.3738427,5.073843,4.3738427,4.773843,5.2638426,5.903843,6.713843,7.063843,2.2638428,3.7438428,7.003843,7.793843,8.063843,7.863843,8.183843,10.143843,11.363843,11.563843,9.5938425,8.663843,8.423842,8.053843,8.053843
6.403843,6.443843,6.503843,6.3938427,6.3938427,6.0538425,5.5538425,5.2238426,3.3238428,1.8838428,1.0938427,1.3338428,1.5738428,2.0638428,2.7238429,2.8838427,2.8238428,3.5738428,4.573843,5.5338426,6.213843,7.793843,7.363843,-0.116157226,2.2538428,5.6438427,7.3738427,6.3738427,5.5838428,5.443843,5.3338428,5.3738427,5.2438426,4.8038425,4.4738426,4.3338428,3.9838428,3.5838428,5.0538425,5.5838428,3.0938427,2.7838428,4.923843,1.3838428,4.903843,7.4338427,5.6038427,4.0538425,5.0838428,7.1838427,8.873843,9.743843,10.023843,8.683843,7.2838426,7.253843,7.593843
5.923843,6.1638427,5.7638426,6.2638426,5.843843,5.253843,4.7238426,3.193843,2.3638427,0.08384278,-0.046157226,-0.26615724,0.15384278,0.6238428,1.4938427,1.9538428,1.1938428,2.1438427,3.4338427,4.1038427,4.543843,5.4138427,5.613843,5.213843,6.403843,7.3938427,6.253843,5.813843,5.093843,4.823843,4.6638427,4.4738426,4.1238427,3.7238429,3.8738427,3.5338428,3.5238428,3.4938428,3.6638427,0.18384278,-2.2161572,-0.7761572,0.32384276,0.82384276,-0.15615723,0.37384278,2.3638427,2.6838427,3.9238427,4.753843,6.8038425,7.8938427,7.6638427,7.313843,5.503843,5.863843,6.793843
5.3938427,5.3338428,5.7838426,6.043843,4.773843,4.073843,3.8838427,1.9838427,0.6038428,-0.07615723,-1.1161572,-0.92615724,-1.0061573,-0.60615724,-0.19615723,0.9138428,0.023842774,1.1938428,1.6738428,1.5838428,2.943843,3.8638427,3.8638427,4.113843,4.903843,5.1638427,4.983843,4.6838427,4.423843,4.1438427,3.8538427,3.5438428,3.1738427,3.0138428,3.1138427,2.8638427,2.9138427,2.5038428,-3.0861573,-0.27615723,0.5338428,-0.84615725,-2.306157,-2.4261572,-0.10615723,0.38384277,0.95384276,3.7338428,2.8638427,2.7738428,2.2438428,3.4238427,4.0838428,5.8738427,4.4938426,3.943843,5.173843
4.8038425,5.2238426,5.1038427,4.883843,3.1738427,3.6438427,1.9538428,1.6838428,0.34384277,-1.9361572,-2.3861573,-2.0161572,-1.8361572,-1.3461572,-1.0861572,-0.8161572,-0.31615722,-0.59615725,-0.44615722,0.123842776,1.2638428,2.1638427,2.3538427,2.5038428,2.8738427,3.2038429,3.3838427,3.5238428,3.6838427,3.4238427,3.1238427,2.7838428,2.3138428,2.3938427,2.2138429,2.0738428,1.7338427,2.193843,-0.41615722,-1.9061573,-0.7061572,0.5338428,-4.8161573,-1.2961572,-1.7261572,-0.026157226,0.8638428,3.1438427,1.5438428,1.4738427,0.7438428,0.0038427734,2.9138427,2.5738428,1.8638427,2.4938428,2.7438428
3.8238428,3.9638429,4.7438426,3.6138427,2.4338427,1.9138428,2.1838427,0.06384277,-2.2861571,-2.4761572,-2.556157,-3.2661572,-3.2661572,-2.3661573,-1.7261572,-1.5361573,-1.0661572,-1.9561572,-1.7261572,-1.1361573,-0.086157225,0.6738428,0.8138428,0.94384277,1.3338428,1.7338427,2.1538427,2.3838427,2.7838428,2.0738428,1.9438428,1.4838427,1.7738428,1.6438428,1.3338428,0.83384275,1.3238428,0.9738428,0.14384277,-0.5661572,-1.7161572,-0.85615724,0.22384277,-1.5561572,-0.7661572,0.6138428,0.9738428,1.7338427,1.4338428,-0.46615723,-1.2161572,0.43384278,0.033842772,-0.5661572,-0.09615722,-0.17615722,-1.0261573
2.4038427,3.4238427,3.693843,1.9538428,1.8738427,1.0738428,-0.5261572,-0.59615725,-2.9361572,-3.3261573,-3.6661572,-3.6461573,-3.5261571,-3.2861571,-2.8661573,-2.3461573,-2.3461573,-2.4061573,-2.5761573,-2.0361571,-1.1761572,-0.53615725,-0.6961572,-0.16615723,0.05384277,0.46384278,1.1838428,1.3638427,1.2138427,0.18384278,0.71384275,0.8538428,0.7838428,0.57384276,0.14384277,0.06384277,0.31384277,-0.24615723,-1.4061573,-2.3761573,-3.2361572,-2.2361572,-0.46615723,0.05384277,-0.14615722,0.5538428,0.17384277,1.1538428,0.47384277,-0.13615723,-0.8761572,-0.39615723,-1.6961572,-1.6261573,-2.6861572,-0.92615724,-0.59615725
1.6138427,2.3738427,2.7738428,0.65384275,0.24384278,0.17384277,-2.1261573,-2.5261571,-3.3261573,-4.3161573,-4.0461574,-4.436157,-4.186157,-4.6061573,-3.806157,-3.2361572,-3.1561573,-3.0161572,-3.0361571,-2.6161573,-2.0961573,-1.9561572,-1.3761573,-1.2361572,-1.2661573,-0.6461572,0.26384276,-0.3861572,-1.3361572,-1.1061572,-0.34615722,-0.14615722,-0.3861572,-0.97615725,-1.3461572,-1.2961572,-1.0461572,-1.8261572,-2.9661572,-3.5761573,-4.306157,-2.6561573,-1.2761573,0.20384277,0.38384277,0.18384278,1.0838428,1.1638428,1.0938427,-0.23615722,-1.0061573,-1.8761573,-1.8561572,-0.7061572,-0.9461572,-1.1661572,-0.73615724
2.0038428,0.84384274,1.1838428,0.8038428,-1.0861572,-1.8561572,-2.7861571,-3.6261573,-4.4461575,-4.036157,-4.8361573,-4.3761573,-4.996157,-5.036157,-4.4461575,-3.9161572,-3.5661573,-3.5661573,-3.5161572,-3.0661573,-2.9861572,-3.2461572,-2.6161573,-2.1661572,-1.3561572,-1.7261572,-2.1461573,-1.7561573,-3.3161573,-3.0861573,-1.9361572,-1.8861573,-2.1361573,-2.4461572,-3.0661573,-2.7861571,-2.9161572,-3.4561572,-4.7961574,-5.866157,-5.516157,-4.7761574,-2.0661573,-1.4961572,0.15384278,0.41384277,0.8738428,2.1038427,0.59384274,-0.92615724,-2.4861572,-4.366157,-4.4861574,-0.8761572,-1.2661573,-0.8261572,-0.5161572
2.1138427,0.8138428,-0.9961572,-1.2161572,-1.7561573,-3.2361572,-4.1061573,-4.366157,-4.726157,-5.0461574,-4.6461573,-4.5461574,-5.8961573,-5.3961573,-4.476157,-4.426157,-4.4461575,-4.2761574,-3.9961572,-3.8661573,-4.076157,-3.8761573,-3.1961572,-2.5861573,-2.3561573,-3.6061573,-3.4561572,-2.8561573,-4.056157,-3.6661572,-3.7261572,-2.9161572,-2.8361573,-3.8461573,-4.536157,-3.8861573,-5.206157,-5.306157,-6.096157,-6.7161574,-6.366157,-4.0261574,-2.2361572,-3.2161572,0.52384275,-0.0061572264,1.0238428,1.9738427,-1.4061573,-2.5061572,-2.9961572,-3.806157,-4.2361574,-1.2261572,-1.0761572,-0.6261572,0.0038427734
1.2138427,-1.5361573,-3.0661573,-2.5261571,-4.0261574,-4.326157,-4.2761574,-4.5861573,-4.6061573,-5.0261574,-5.5061574,-5.846157,-5.906157,-5.386157,-5.0261574,-5.096157,-5.156157,-4.9161572,-4.476157,-4.2961574,-4.116157,-4.576157,-3.7661572,-3.6161573,-4.7161574,-4.326157,-4.056157,-4.226157,-5.176157,-5.516157,-4.0061574,-4.4861574,-5.766157,-4.936157,-5.9861574,-5.9861574,-6.1961575,-5.926157,-6.3961573,-7.3961573,-6.246157,-6.2761574,-5.866157,-5.5261574,-1.6761572,0.6138428,0.44384277,0.43384278,-0.9661572,-0.29615724,-3.5661573,-3.8961573,-3.9061573,-3.3561573,-0.61615723,-0.13615723,0.11384277
-1.5461572,-5.1061573,-4.476157,-4.846157,-4.726157,-4.706157,-4.156157,-4.706157,-4.726157,-5.8161573,-6.036157,-6.206157,-5.7161574,-5.5261574,-5.536157,-5.3361573,-5.056157,-4.846157,-4.3561573,-4.186157,-5.016157,-4.906157,-4.826157,-4.6061573,-4.7961574,-5.286157,-5.4161572,-5.496157,-6.8961573,-5.8361573,-6.4161572,-6.436157,-6.616157,-6.1061573,-6.1961575,-7.366157,-7.3361573,-7.306157,-7.206157,-8.216157,-7.056157,-7.1661572,-6.996157,-5.976157,-6.186157,-0.9361572,0.35384277,-0.20615722,0.013842774,0.10384277,-2.7661572,-1.0361573,-4.576157,-3.4161572,-1.0961572,-0.61615723,-0.5761572
-4.3961573,-5.7161574,-5.3761573,-5.436157,-5.136157,-4.996157,-4.706157,-4.656157,-4.5461574,-5.8161573,-6.6261573,-6.186157,-5.956157,-5.9661574,-5.6261573,-5.426157,-5.186157,-5.706157,-5.0661573,-5.4161572,-5.6661572,-5.5861573,-5.6261573,-5.4461575,-5.3361573,-6.1061573,-6.7961574,-7.456157,-6.846157,-6.786157,-7.676157,-7.206157,-7.476157,-7.956157,-7.996157,-8.126157,-8.586157,-8.506157,-8.416157,-8.726157,-8.276157,-7.7361574,-7.4661574,-7.476157,-7.926157,-7.9861574,-0.5261572,-0.016157227,-0.5061572,0.6038428,-3.0961573,-2.9661572,-2.2261572,-3.1861572,-3.6561573,-3.2261572,-2.7461572
-5.9461575,-5.9161572,-5.676157,-5.866157,-5.436157,-4.9861574,-4.936157,-4.656157,-4.826157,-5.386157,-7.186157,-6.036157,-5.806157,-5.8161573,-5.496157,-5.5861573,-6.0261574,-6.016157,-5.7761574,-5.5061574,-5.956157,-5.8561573,-6.0261574,-6.4661574,-6.036157,-7.036157,-7.366157,-7.596157,-7.5861573,-7.5061574,-8.236157,-8.756157,-9.276157,-9.306157,-9.086157,-8.9061575,-9.366158,-9.426157,-9.356157,-9.066157,-8.776157,-8.216157,-7.9661574,-8.466157,-9.226157,-8.326158,-8.696157,-0.5261572,1.5638428,3.0738428,-3.0461571,-3.4661572,-1.2261572,-3.2161572,-1.3661572,-1.1561573,-4.596157
-6.3161573,-5.8961573,-6.0861573,-6.0461574,-5.3761573,-5.1461573,-5.2961574,-5.1661572,-5.076157,-5.766157,-6.766157,-5.8961573,-5.6961575,-5.5461574,-6.0461574,-6.5661573,-6.7361574,-6.4461575,-5.956157,-6.596157,-6.8361573,-6.956157,-6.886157,-6.906157,-7.1461573,-6.786157,-7.786157,-8.206158,-8.396157,-8.556157,-8.396157,-9.266157,-9.926157,-10.096157,-9.756157,-9.506157,-9.786158,-9.986157,-10.056157,-9.716157,-9.706158,-8.836157,-8.556157,-9.506157,-9.106157,-8.806157,-8.166157,-7.766157,-5.0661573,0.45384276,-0.9361572,-2.2661572,-1.0561572,-3.7161572,-1.7661573,0.23384278,-1.8361572
-7.226157,-6.7161574,-6.6461573,-6.116157,-5.7961574,-5.846157,-5.386157,-5.4661574,-5.706157,-5.636157,-5.866157,-5.3761573,-5.9161572,-6.556157,-6.676157,-6.7161574,-6.846157,-7.1461573,-7.306157,-7.616157,-7.1661572,-7.4661574,-7.426157,-7.186157,-6.516157,-6.4461575,-7.886157,-8.866158,-9.166157,-9.196157,-9.1561575,-9.506157,-9.466157,-9.486157,-9.926157,-9.946157,-10.346157,-10.536158,-10.506157,-10.576158,-10.066157,-9.336157,-9.836157,-9.206158,-9.016157,-8.816157,-8.776157,-8.856157,-9.4061575,-8.576158,0.0038427734,-0.3261572,0.83384275,0.8638428,1.1038427,0.5038428,-1.1561573
-7.7361574,-7.366157,-6.9161572,-6.7761574,-6.6661572,-6.436157,-6.0661573,-6.2761574,-6.306157,-6.1061573,-6.3361573,-6.5061574,-6.976157,-7.886157,-7.6061573,-7.8561573,-8.016157,-7.846157,-7.806157,-7.8561573,-7.806157,-7.406157,-7.346157,-6.766157,-6.5861573,-8.126157,-8.566157,-9.136157,-9.696157,-9.866158,-9.426157,-8.846157,-8.756157,-9.226157,-9.826158,-10.666157,-10.886157,-10.936157,-11.046157,-11.336157,-10.866158,-10.006157,-8.856157,-8.646157,-8.726157,-9.036158,-9.1561575,-9.386157,-9.536158,-9.416157,-10.116158,-7.386157,-6.346157,-5.186157,-2.6061573,-1.6961572,-0.55615723
-8.346157,-7.456157,-7.596157,-7.596157,-7.6961575,-7.136157,-7.476157,-6.936157,-7.0861573,-7.556157,-7.676157,-7.846157,-8.486157,-8.516157,-8.536158,-8.786158,-8.6561575,-8.116158,-8.526157,-8.076158,-7.7161574,-7.516157,-7.246157,-6.766157,-7.956157,-9.316157,-9.976157,-10.096157,-10.326158,-10.396157,-9.576158,-9.386157,-9.426157,-9.936157,-10.696157,-11.616158,-11.596157,-11.536158,-11.616158,-11.096157,-10.756157,-10.386157,-10.326158,-10.026157,-8.736157,-8.046157,-8.316157,-8.896157,-8.866158,-8.186157,-7.8361573,-7.6261573,-7.266157,-6.7961574,-6.636157,-5.846157,-4.806157
-8.396157,-7.846157,-7.9161572,-8.096157,-8.396157,-8.346157,-8.476157,-8.236157,-7.456157,-8.206158,-8.946157,-9.076158,-9.1561575,-9.036158,-9.056157,-9.576158,-8.886157,-8.296157,-8.036158,-7.8161573,-7.656157,-7.7761574,-7.4861574,-7.4161572,-8.816157,-10.026157,-10.766157,-11.166157,-11.326158,-10.836157,-10.246158,-10.186157,-11.346157,-12.076158,-12.216157,-12.346157,-12.306157,-11.766157,-11.416157,-10.876157,-10.666157,-10.446157,-10.366158,-10.576158,-10.276157,-9.706158,-8.616158,-8.466157,-9.116158,-8.236157,-7.0461574,-5.956157,-6.976157,-7.306157,-6.806157,-6.5461574,-5.616157
-8.956158,-8.776157,-7.9861574,-8.466157,-8.496158,-9.116158,-8.926157,-8.996158,-7.906157,-8.6561575,-9.4061575,-9.386157,-9.666157,-9.616158,-9.276157,-9.616158,-8.706158,-8.286158,-7.7961574,-7.386157,-7.3561573,-7.7961574,-7.936157,-8.436157,-9.536158,-10.586157,-11.226157,-11.376157,-11.416157,-10.916157,-10.556157,-11.046157,-11.566157,-12.266157,-12.216157,-12.526157,-12.126157,-11.456158,-10.846157,-10.636157,-10.306157,-10.016157,-10.256157,-10.256157,-9.596157,-9.776157,-9.696157,-9.776157,-9.116158,-8.666157,-8.166157,-8.356157,-7.826157,-7.366157,-7.4861574,-6.8361573,-6.4461575
-9.166157,-8.706158,-8.366158,-8.416157,-8.576158,-8.786158,-9.446157,-9.306157,-8.626157,-9.086157,-9.326158,-9.476157,-9.216157,-9.196157,-8.766157,-9.066157,-8.6561575,-8.376157,-7.746157,-7.4161572,-7.286157,-7.3961573,-8.146157,-9.236157,-10.066157,-10.856157,-11.266157,-11.346157,-11.016157,-10.766157,-10.776157,-11.186157,-11.956158,-12.376157,-12.446157,-12.026157,-11.4061575,-10.986157,-10.566157,-10.246158,-10.106157,-9.796157,-9.856157,-9.836157,-9.736157,-9.446157,-9.366158,-9.226157,-9.286158,-9.066157,-7.9861574,-8.1561575,-8.346157,-8.216157,-7.386157,-6.7161574,-5.7961574
-8.926157,-8.326158,-8.376157,-8.126157,-8.4061575,-8.226157,-8.976157,-8.766157,-9.376157,-9.166157,-8.736157,-9.146157,-8.346157,-8.226157,-8.416157,-8.386157,-8.356157,-8.306157,-7.676157,-7.436157,-8.186157,-8.946157,-10.146157,-10.606157,-10.716157,-10.616158,-10.636157,-10.646157,-10.876157,-10.616158,-10.616158,-11.066157,-11.826158,-12.226157,-11.986157,-11.836157,-11.086157,-10.6561575,-10.376157,-10.136157,-10.216157,-10.1561575,-10.166157,-10.386157,-10.416157,-10.276157,-9.966157,-9.846157,-9.586157,-9.166157,-8.896157,-8.526157,-8.426157,-8.096157,-7.426157,-6.3761573,-5.2761574
