2018080200_success.json
{"header": { "discipline":0, "disciplineName":"Meteorological products", "gribEdition":2, "gribLength":74806, "center":7, "centerName":"US National Weather Service - NCEP(WMC)", "subcenter":0, "refTime":"2018-08-02T00:00:00.000Z", "significanceOfRT":1, "significanceOfRTName":"Start of forecast", "productStatus":0, "productStatusName":"Operational products", "productType":1, "productTypeName":"Forecast products", "productDefinitionTemplate":0, "productDefinitionTemplateName":"Analysis/forecast at horizontal level/layer at a point in time", "parameterCategory":2, "parameterCategoryName":"Momentum", "parameterNumber":2, "parameterNumberName":"U-component_of_wind", "parameterUnit":"m.s-1", "genProcessType":2, "genProcessTypeName":"Forecast", "forecastTime":0, "surface1Type":103, "surface1TypeName":"Specified height level above ground", "surface1Value":10.0, "surface2Type":255, "surface2TypeName":"Missing", "surface2Value":0.0, "gridDefinitionTemplate":0, "gridDefinitionTemplateName":"Latitude_Longitude", "numberPoints":65160, "shape":6, "shapeName":"Earth spherical with radius of 6,371,229.0 m", "gridUnits":"degrees", "resolution":48, "winds":"true", "scanMode":0, "nx":360, "ny":181, "basicAngle":0, "lo1":0.0, "la1":90.0, "lo2":359.0, "la2":-90.0, "dx":1.0, "dy":1.0 }, "data":
[rows 130 to 155 of 181, columns 171 to 227 of 360]
4.633843,5.2438426,1.9238428,0.77384275,1.6538428,1.9038428,-0.8361572,2.6338427,3.1038427,2.7638428,4.113843,3.1838427,3.6038427,3.1038427,2.3738427,2.6138427,2.5538428,2.4338427,-0.91615725,-1.9461572,0.48384276,0.51384276,-0.55615723,-0.18615723,0.033842772,0.18384278,0.34384277,0.5538428,0.9838428,1.5838428,1.8238428,1.5838428,1.6338428,1.2138427,1.0538428,0.8638428,0.44384277,0.8738428,0.83384275,2.0938427,2.7538428,3.1738427,4.2238426,0.90384275,2.9838428,4.8538427,5.963843,5.2438426,4.673843,5.003843,5.093843,5.483843,5.7438426,5.4738426,5.293843,5.383843,5.823843
2.7938428,1.3138428,0.11384277,2.0438428,0.29384276,1.3438427,1.3038428,1.0138428,0.84384274,3.4838428,4.113843,4.753843,3.3738427,4.043843,3.6138427,3.6038427,3.5638428,3.4238427,3.3038428,1.6738428,1.5838428,1.9838427,1.1338428,0.76384276,0.8138428,1.3938428,1.5338428,1.4038428,1.6838428,2.0138428,1.2938428,0.48384276,1.2438427,0.4238428,0.26384276,0.26384276,0.30384278,0.5538428,0.26384276,0.82384276,1.0038428,0.69384277,0.27384278,-1.7361572,0.52384275,0.7238428,0.25384277,2.8238428,1.7238427,1.7738428,2.6338427,3.193843,3.7938428,3.7538428,3.3138428,3.8838427,4.193843
-1.1661572,-1.8361572,-1.5761572,1.0538428,5.3738427,1.0938427,2.2238429,3.5638428,2.0838428,2.2238429,3.0738428,4.1438427,5.8738427,4.523843,4.273843,4.543843,4.4338427,4.4938426,4.693843,3.8838427,3.2938428,2.9238427,3.0438428,1.3438427,1.9938427,2.3238428,2.4838428,2.2438428,1.6638428,1.6938428,0.41384277,0.27384278,0.40384278,-0.036157228,-0.18615723,-0.16615723,0.05384277,-0.21615723,-0.056157228,-0.37615722,-0.54615724,-1.1161572,-2.2561572,-4.3961573,-2.8661573,-1.5261573,-3.0161572,-3.8961573,-0.046157226,2.6138427,0.49384278,1.3638427,2.3438427,2.0938427,1.9938427,1.9938427,1.6738428
-1.6561573,0.65384275,-1.8661572,-3.7361572,0.4238428,3.3138428,2.0038428,2.5138428,1.7138427,2.2438428,1.6638428,1.9338428,4.8038425,5.093843,3.6438427,4.983843,5.1438427,4.5538425,5.673843,5.5838428,5.193843,4.9138427,4.1038427,3.3738427,3.0738428,3.0438428,2.8338428,2.4638429,1.7938428,1.0838428,0.19384277,0.51384276,0.19384277,-0.21615723,-0.42615724,0.123842776,0.16384277,-0.026157226,-0.18615723,-0.8861572,-1.4561572,-2.1461573,-3.4261572,-4.9461575,-6.5661573,-6.406157,-3.4561572,-2.7661572,-3.1361573,-2.7061572,-2.1661572,-0.67615724,-0.19615723,0.49384278,0.95384276,0.96384275,0.76384276
-1.7661573,-2.4461572,-4.0061574,-4.786157,-2.4061573,0.5338428,1.6938428,0.7838428,0.77384275,1.4838427,2.1338427,2.6838427,2.8038428,3.8938427,5.0538425,5.2438426,5.613843,5.613843,5.543843,6.0338426,6.4938426,6.1638427,5.573843,4.8038425,4.1438427,3.6338427,3.0638428,2.8538427,1.9638427,0.9338428,-0.036157228,0.5338428,1.1338428,-0.0061572264,-0.16615723,0.38384277,0.32384276,0.25384277,-0.07615723,-0.9961572,-2.1161573,-2.6761572,-3.2961571,-4.3361573,-5.206157,-6.3161573,-6.616157,-5.766157,-2.1661572,3.1438427,2.5538428,1.1738428,0.40384278,0.40384278,0.6638428,0.8138428,0.96384275
-1.9161572,-4.386157,-6.156157,-5.326157,-4.686157,-4.3961573,-4.156157,-2.2761571,0.123842776,1.5138428,2.2838428,2.8838427,3.2938428,3.8138428,6.213843,6.093843,4.6638427,5.843843,6.0338426,6.6638427,6.813843,7.2438426,6.733843,5.5138426,6.133843,4.3538427,4.153843,3.0238428,2.2538428,1.3338428,0.28384277,0.5338428,2.0638428,0.8538428,0.51384276,0.45384276,0.5538428,0.6838428,-0.0061572264,-0.8961572,-1.9361572,-2.4961572,-2.5661573,-2.8661573,-3.4761572,-3.8361573,-4.0461574,-3.7661572,-1.9661572,-0.026157226,7.5538425,5.0138426,2.5238428,1.5338428,1.2538428,1.1938428,1.7338427
-7.5461574,-8.336157,-7.7161574,-6.266157,-5.226157,-4.0061574,-2.7161572,-0.9961572,0.7938428,2.4038427,3.6538427,4.6038427,5.043843,5.133843,4.9738426,4.313843,5.7238426,6.733843,6.503843,6.713843,7.233843,7.4738426,7.523843,6.9338427,7.1438427,5.5338426,4.6638427,3.7138429,3.0838428,2.2338428,0.8538428,0.7538428,2.1838427,1.9838427,1.0538428,1.3738427,0.96384275,0.90384275,0.5438428,-0.19615723,-1.0961572,-1.6961572,-1.6861572,-1.2061572,-1.2661573,-1.4061573,-1.9561572,-1.5061573,-0.7761572,0.44384277,1.3038428,5.7838426,2.4938428,2.0938427,1.7438427,2.0338428,2.443843
-9.286158,-8.336157,-7.206157,-6.1261573,-4.806157,-3.6861572,-2.5261571,-0.97615725,0.89384276,2.9938428,4.363843,5.423843,5.9338427,6.063843,6.113843,6.0538425,5.963843,6.8738427,7.713843,7.573843,7.7038426,8.253842,8.523843,8.103843,7.863843,6.693843,5.633843,4.7238426,4.063843,3.4138427,2.1338427,1.3538427,1.8138428,2.8738427,2.0538428,2.0338428,1.6138427,1.7738428,1.5138428,0.77384275,0.64384276,0.24384278,0.08384278,0.30384278,0.59384274,0.7838428,0.63384277,-0.21615723,-0.5861572,-0.33615723,-0.84615725,-0.31615722,1.9138428,1.6738428,2.193843,2.4738429,3.0638428
-6.2961574,-5.2761574,-4.036157,-2.7161572,-1.3461572,0.10384277,1.5938427,2.9338427,3.8938427,4.363843,4.923843,5.653843,5.943843,6.073843,7.2238426,6.963843,6.813843,7.293843,9.043842,8.333843,7.5838428,8.443843,8.873843,8.783843,8.293842,7.773843,6.8738427,5.6238427,4.9538426,4.6438427,3.7038429,2.4838428,2.1438427,3.2838428,3.0138428,2.9138427,2.5038428,2.443843,2.4038427,2.4638429,2.1738427,2.2338428,2.5938427,2.4838428,2.6438427,2.6238427,2.6138427,2.0038428,0.37384278,-0.8161572,-1.1461573,-2.9661572,-2.1861572,1.2438427,1.6238427,0.9338428,-0.47615722
-3.556157,-2.1361573,-0.66615725,0.46384278,1.2638428,2.1638427,3.1538427,4.1238427,4.963843,5.6838427,6.363843,6.753843,6.8738427,6.943843,8.313843,8.613843,7.3938427,6.9338427,8.683843,7.7038426,7.943843,8.273843,8.353843,8.673842,7.563843,6.9738426,7.0338426,6.5838428,6.293843,5.6838427,5.153843,3.7538428,2.9238427,3.8738427,3.7938428,3.6038427,2.9838428,3.1238427,3.4738429,3.2438428,3.6338427,3.9138427,4.253843,4.843843,4.943843,4.7638426,4.3538427,3.8638427,2.6038427,0.5538428,-0.79615724,-1.3161572,-4.636157,-5.686157,-5.346157,-5.576157,-7.3961573
-0.72615725,-0.13615723,0.5338428,1.3438427,2.0338428,2.7538428,3.7238429,4.9338427,6.1438427,7.0838428,7.423843,8.003842,8.363843,8.0938425,8.433843,8.033843,6.563843,5.7238426,7.073843,8.393843,7.5838428,8.223843,8.763843,8.973843,8.183843,7.2038426,6.8538427,6.733843,6.4938426,6.5838428,5.8538427,4.193843,3.5038428,4.4938426,4.3738427,4.0338426,3.1538427,3.7938428,3.9638429,3.7938428,4.3938427,4.8738427,5.173843,6.0538425,6.693843,6.593843,5.753843,5.443843,4.6838427,3.4238427,1.4038428,0.3938428,-1.9261572,-7.926157,-10.446157,-11.916157,-12.466157
0.06384277,1.4638427,2.3038428,2.8138428,3.1138427,3.4238427,3.7938428,4.293843,5.023843,6.0838428,7.273843,8.3438425,8.753842,8.483843,8.263843,7.573843,5.903843,5.883843,5.593843,4.773843,5.8538427,7.6438427,8.943843,9.643843,9.443843,8.893843,7.883843,7.2038426,6.3938427,5.863843,5.843843,3.5338428,3.8338428,4.133843,4.963843,3.5138428,3.443843,4.003843,4.1638427,4.0338426,4.773843,5.2438426,6.1438427,6.7838426,7.5338426,6.773843,6.363843,6.793843,6.713843,6.0338426,4.6438427,3.4138427,2.7838428,-3.0461571,-7.9861574,-9.386157,-9.136157
1.4838427,1.9238428,2.1238427,2.5538428,2.7938428,3.3238428,4.3938427,4.793843,5.383843,5.963843,6.563843,7.253843,8.403843,8.203843,7.7638426,7.323843,6.4338427,6.253843,5.8338428,5.4138427,5.2438426,5.5538425,6.573843,8.033843,9.063843,9.583843,9.413843,8.213842,6.7238426,5.903843,5.2438426,3.3638427,3.8238428,4.3338428,4.503843,2.5938427,3.5738428,3.9038427,4.023843,3.9538429,4.5338426,5.673843,6.233843,7.253843,5.5838428,5.1238427,7.8738427,9.103843,8.473843,7.7038426,6.563843,5.363843,7.0138426,2.2138429,-1.7861573,-4.3961573,-5.226157
0.26384276,0.6638428,1.2538428,1.4538428,1.9338428,3.3338428,3.6738427,4.523843,6.2638426,7.193843,7.7038426,7.963843,8.323843,8.523843,8.193843,8.0938425,7.8038425,7.343843,6.4138427,6.133843,6.423843,6.9338427,7.6438427,8.183843,8.583843,8.853843,8.703843,7.173843,6.273843,6.063843,4.8338428,4.2238426,4.673843,4.1638427,2.6238427,2.0538428,3.4138427,3.6638427,3.7038429,3.4338427,4.773843,5.113843,5.8038425,4.503843,4.073843,5.733843,6.0538425,6.8338428,6.733843,5.593843,5.063843,7.313843,9.113843,1.9338428,-0.29615724,-1.6461573,-2.7761571
0.76384276,0.9238428,1.2038428,1.6038427,2.0938427,2.693843,3.4038427,4.733843,5.6638427,6.2038426,6.9538426,8.403843,9.3438425,9.233843,9.153843,8.903843,8.653843,8.873843,8.503842,7.6238427,7.323843,7.733843,8.383842,8.503842,8.333843,8.083843,8.303843,6.563843,5.113843,4.843843,5.293843,5.023843,4.4138427,3.6138427,2.5738428,2.3538427,3.2038429,3.3638427,3.2738428,3.2938428,4.2438426,4.2238426,3.943843,2.3638427,2.3138428,1.6438428,1.0038428,-1.5461572,-1.7661573,-2.1961572,-3.2761571,-6.456157,-6.746157,-8.116158,-6.176157,-6.1961575,-7.3561573
4.133843,4.0338426,4.023843,3.9338427,3.8838427,3.8638427,4.093843,4.313843,4.863843,4.773843,5.233843,5.9138427,7.823843,9.183843,8.943843,9.223843,8.8438425,8.923842,8.263843,8.173842,8.403843,9.0938425,9.483843,9.323843,9.443843,8.463842,8.163843,5.903843,3.6638427,3.8438427,3.9738429,4.3538427,4.503843,3.7638428,3.2938428,2.693843,2.9538429,3.4638429,3.1638427,2.6438427,3.7438428,3.4038427,3.3438427,1.5038428,1.4438428,-1.0661572,-1.9661572,-4.886157,-5.9661574,-7.5461574,-9.496158,-8.996158,-8.636157,-9.206158,-10.516157,-11.546157,-9.246158
7.213843,7.153843,6.983843,6.633843,6.233843,5.943843,5.9938426,5.823843,5.323843,5.0838428,4.7838426,4.463843,4.593843,6.923843,8.833843,8.793842,9.013843,9.033843,8.583843,8.473843,9.113843,9.943843,10.523843,10.723843,9.833843,7.7438426,6.3738427,4.133843,3.0038428,2.5338428,3.4638429,4.3038425,3.5538428,3.9038427,4.503843,2.3138428,2.6738427,3.2338428,3.3538427,2.5038428,3.0738428,2.7638428,2.9938428,2.0238428,1.7638428,0.64384276,-1.4361572,-3.5861573,-4.9461575,-5.656157,-5.8761573,-5.8161573,-4.4161572,-4.3961573,-5.9861574,-6.3761573,-12.636157
9.903843,9.723843,9.573843,9.603843,9.253842,8.763843,8.203843,7.5338426,6.883843,6.613843,6.2438426,5.813843,5.463843,5.423843,6.753843,9.443843,9.693843,9.533843,9.263843,8.833843,9.223843,9.883842,10.763843,10.633842,9.513843,7.3938427,5.613843,3.2138429,1.7838428,2.7938428,3.7638428,4.733843,4.343843,3.6638427,4.063843,2.1338427,2.2438428,2.7938428,3.5638428,2.2538428,1.9538428,1.8138428,1.4738427,0.35384277,-1.1361573,-0.55615723,0.10384277,-1.0761572,-2.1861572,-2.4461572,-2.8361573,-4.4161572,-3.8461573,-4.926157,-10.126157,-15.666157,-16.496157
11.963842,11.513843,11.473843,11.043842,10.653843,10.0938425,9.243843,8.733843,8.543842,8.303843,7.9138427,7.773843,7.9538426,8.003842,8.063843,8.173842,9.573843,10.703843,10.553843,10.313843,10.253842,10.063843,10.153843,9.763843,8.053843,6.1238427,3.5438428,2.0638428,1.7638428,2.7638428,4.1038427,4.7038426,3.4038427,3.2238429,3.6238427,2.6038427,1.9438428,2.4938428,3.2938428,1.7038428,1.2438427,0.57384276,0.14384277,-2.1861572,-5.4461575,-8.636157,-10.056157,-9.596157,-9.126157,-10.466157,-12.386157,-14.136157,-16.606157,-16.886158,-16.496157,-16.756157,-16.086157
14.233843,13.643843,12.973843,12.153843,11.293842,10.573843,10.283843,10.323843,10.193843,9.883842,9.443843,9.433843,9.783843,10.083843,10.283843,10.103843,10.133842,10.573843,10.883842,10.413843,9.793842,10.123843,9.153843,8.043842,6.2038426,3.3538427,0.26384276,-0.116157226,1.1438428,2.7338428,3.2338428,2.3738427,2.1538427,2.7338428,3.4738429,2.1838427,0.8138428,2.1638427,3.0738428,2.5338428,1.4138428,0.3638428,-0.21615723,-3.2961571,-6.786157,-9.836157,-12.136157,-13.9061575,-14.176157,-15.4061575,-15.936157,-16.126158,-16.286158,-16.076157,-15.456158,-14.956158,-14.266157
15.043842,15.263843,14.603843,13.483843,12.253842,12.073843,11.943843,11.733843,11.413843,11.313843,11.143843,10.823843,11.243843,11.473843,11.403843,11.423842,11.953843,11.473843,11.213842,10.943843,9.873843,9.533843,8.453843,5.813843,1.9138428,-0.8161572,-1.3861573,-0.30615723,1.3238428,1.6238427,0.27384278,0.26384276,0.9238428,2.6838427,1.4838427,-1.2561573,0.15384278,1.0738428,2.6838427,2.5038428,0.9938428,0.5438428,0.43384278,-3.3161573,-6.6261573,-8.966157,-10.576158,-11.726157,-12.576158,-13.1561575,-13.786158,-14.096157,-14.166157,-14.1561575,-13.826158,-13.336157,-12.716157
15.333843,14.923842,15.323843,14.793842,13.473843,12.003842,11.323843,11.303843,11.973843,12.493843,12.5938425,12.703843,12.793842,12.793842,12.903843,13.113843,13.403843,12.783843,12.023843,11.373843,10.213842,9.293842,6.273843,-0.30615723,-2.5861573,-2.2961571,-1.2961572,-0.06615723,0.0038427734,-0.7761572,-0.67615724,0.27384278,1.8838428,2.6238427,-0.13615723,0.10384277,0.31384277,0.8538428,2.0838428,0.58384275,0.41384277,-0.8761572,-1.5161573,-2.5761573,-6.1261573,-8.166157,-9.366158,-10.486157,-11.226157,-11.016157,-11.506157,-12.006157,-12.286158,-12.366158,-11.886157,-10.956158,-9.056157
15.243843,14.613843,14.633842,14.243843,13.333843,12.443843,11.683843,12.133842,13.233843,13.633842,14.043842,13.753842,14.173842,14.513843,14.743843,14.583843,14.723843,13.803843,13.123843,12.243843,10.613843,5.4538426,-0.036157228,-3.0661573,-3.3461573,-2.2061572,-1.7361572,-1.4461572,-1.6261573,-1.1861572,-0.3861572,-0.27615723,-0.33615723,-0.19615723,-0.30615723,-0.92615724,-0.15615723,0.6038428,1.1538428,0.093842775,-0.54615724,0.35384277,-1.6261573,-3.4061573,-5.5661573,-6.246157,-7.5661573,-7.826157,-8.646157,-9.036158,-9.716157,-9.976157,-9.776157,-8.586157,-8.396157,-7.596157,-6.8761573
11.633842,11.133842,10.143843,9.743843,9.8438425,9.693843,12.5938425,13.373843,14.033843,14.523843,14.873843,15.3438425,15.173842,14.793842,13.213842,14.903843,13.603843,11.983843,10.873843,8.533843,2.1238427,-1.4361572,-3.4561572,-4.2361574,-4.096157,-2.7361572,-2.6661572,-2.5961573,-2.5861573,-2.7961571,-2.0161572,-1.4761572,-0.9961572,-0.84615725,-0.7461572,-0.8761572,-0.46615723,0.40384278,0.48384276,-0.6861572,-0.7661572,-0.30615723,-3.7061572,-4.4661574,-5.286157,-5.496157,-5.4461575,-5.656157,-6.176157,-6.8361573,-6.5661573,-6.3961573,-6.6261573,-6.496157,-5.936157,-4.8561573,-3.5261571
9.383842,8.273843,7.523843,6.923843,6.5538425,6.6038427,7.653843,9.003842,9.983843,12.763843,13.603843,13.703843,14.633842,13.413843,13.773843,13.193843,11.413843,9.873843,5.613843,0.31384277,-2.5361571,-4.456157,-4.9461575,-4.5661573,-4.1461573,-4.286157,-4.2961574,-3.2561572,-2.1261573,-1.4161572,-1.2061572,-0.5661572,-0.36615723,-0.7661572,-0.6361572,-0.59615725,-0.54615724,0.013842774,-0.27615723,-1.1361573,-1.2561573,-1.4361572,-2.9661572,-3.7061572,-4.1461573,-4.556157,-4.1661572,-4.2361574,-4.6261573,-4.7361574,-4.7961574,-4.516157,-5.0261574,-4.676157,-3.9361572,-2.9861572,-2.1861572
6.363843,5.963843,5.6438427,5.463843,5.923843,7.563843,8.723843,9.363843,10.163843,11.193843,12.143843,13.163843,14.263843,14.423842,13.293842,10.873843,7.2038426,2.5038428,-1.7361572,-4.156157,-5.6261573,-6.056157,-5.7161574,-5.0461574,-4.886157,-4.746157,-4.0061574,-3.1061573,-2.3861573,-1.8261572,-1.2961572,-0.92615724,-0.7761572,-0.9961572,-0.7761572,-0.7561572,-0.6261572,-0.22615723,-0.55615723,-0.98615724,-1.3461572,-1.5161573,-1.9261572,-2.3161573,-2.4861572,-2.7761571,-3.1161573,-3.306157,-3.2161572,-3.0161572,-2.8361573,-2.556157,-1.9061573,-1.0961572,-0.40615723,0.27384278,0.76384276
