current-wind-surface-level-gfs-1.0.json
{"header": {"discipline":0,"gribEdition":2,"gribLength":74566,"center":7,"subcenter":0,"refTime":"2018-08-02T00:00:00.000Z","significanceOfRT":1,"productStatus":0,"productType":1,"productDefinitionTemplate":0,"parameterCategory":2,"parameterNumber":3,"parameterUnit":"m.s-1","genProcessType":2,"forecastTime":0,"surface1Type":103,"surface1Value":10.0,"surface2Type":255,"surface2Value":0.0,"gridDefinitionTemplate":0,"numberPoints":65160,"shape":6,"gridUnits":"degrees","resolution":48,"winds":"true","scanMode":0,"nx":360,"ny":181,"basicAngle":0,"lo1":0.0,"la1":90.0,"lo2":359.0,"la2":-90.0,"dx":1.0,"dy":1.0}, "data":
[rows 78 to 103 of 181, columns 120 to 179 of 360]
1.199287,2.1692872,4.1092873,3.7292871,4.5492873,1.5292871,3.079287,3.3992872,5.169287,4.599287,5.519287,5.509287,5.209287,5.249287,4.119287,3.6492872,2.9792871,2.819287,3.1792872,2.9792871,2.9492872,2.099287,1.4592872,1.0492871,0.9392871,0.98928714,1.2992871,1.4692872,-0.070712894,-0.7707129,-1.3507129,-1.1207129,1.5192871,3.2492871,2.4992871,2.529287,1.5892872,1.0292871,0.5792871,-0.5907129,-1.5107129,-2.450713,-3.360713,-2.700713,-1.0907129,-0.02071289,0.3992871,1.9592872,2.509287,3.2392871,3.279287,3.289287,2.2092872,2.9292872,2.4392872,1.3692871,1.5192871,1.079287,1.2492871,1.7592871
2.6892872,1.7992871,2.019287,7.099287,1.4892871,1.7392871,4.219287,4.849287,3.619287,4.989287,6.119287,6.1292872,5.5292873,4.539287,4.099287,3.389287,2.9392872,2.9292872,2.9392872,3.359287,3.359287,2.9192872,2.289287,1.8492872,1.6692871,1.7892871,1.4992871,1.1192871,1.2292871,0.4992871,0.13928711,0.5492871,1.6792871,2.889287,3.019287,2.769287,1.8492872,0.86928713,-0.22071289,-1.420713,-2.420713,-3.3307128,-4.100713,-3.120713,-0.3207129,1.0192871,1.7592871,2.839287,3.129287,3.339287,3.259287,3.099287,3.2092872,3.4092872,1.8592871,1.7192872,1.3692871,0.5292871,0.4892871,1.7592871
3.139287,6.469287,5.989287,1.7392871,3.559287,4.3192873,2.879287,1.329287,4.169287,6.389287,7.269287,6.3792872,5.489287,5.0492873,4.7992873,4.0692873,3.1992872,2.6492872,2.6692872,2.859287,2.9092872,2.7092872,2.349287,1.9192871,1.6492871,1.7092872,1.8592871,2.089287,1.7892871,1.3192871,1.4592872,1.7592871,2.049287,3.019287,2.9692872,2.619287,1.4292871,0.1792871,-0.7007129,-1.9707129,-3.2707129,-4.4307127,-5.030713,-4.6207128,-0.2907129,2.109287,2.8992872,3.059287,3.569287,3.4692872,3.389287,3.4192872,3.349287,2.8992872,2.6592872,1.6792871,1.6592871,1.2492871,0.9792871,1.6592871
4.2992873,4.509287,6.999287,3.389287,4.289287,1.6292871,0.6292871,4.369287,6.899287,8.249287,7.219287,6.209287,5.449287,5.169287,4.699287,3.7392871,2.849287,2.2392871,2.1692872,2.309287,2.4092872,2.539287,2.059287,1.4892871,1.3592871,1.5992872,1.4792871,1.0192871,0.5192871,0.2992871,0.3292871,0.8592871,1.8592871,2.889287,2.599287,1.5992872,0.9492871,0.1792871,-1.4707129,-2.5907128,-4.030713,-5.110713,-5.500713,-3.960713,-0.37071288,3.289287,3.549287,3.539287,3.859287,3.2092872,3.519287,3.7192872,4.429287,3.839287,3.029287,2.4792871,1.5692871,1.6292871,2.059287,1.6292871
2.7292871,6.0292873,7.349287,2.4692872,2.6992872,1.6892871,2.029287,5.0292873,8.699287,8.469287,7.439287,6.209287,5.1092873,4.679287,4.149287,3.4192872,2.539287,2.1692872,2.1692872,1.9592872,1.8592871,1.6492871,1.5192871,1.579287,1.4792871,1.0092871,0.7792871,0.18928711,0.19928712,0.31928712,0.3592871,0.8792871,1.1692871,1.6492871,1.4392871,1.2592871,0.5492871,-0.8107129,-1.670713,-2.980713,-4.550713,-5.590713,-5.300713,-2.620713,1.6892871,3.369287,3.889287,4.019287,4.0292873,3.769287,4.369287,4.829287,4.449287,3.869287,3.309287,2.609287,2.2192872,2.009287,1.6392871,1.4192871
6.899287,7.809287,2.549287,5.679287,1.3192871,-0.4207129,1.0692871,8.289288,8.719287,8.109287,6.2992873,5.249287,4.599287,4.179287,3.9292872,3.289287,2.099287,1.7992871,1.5892872,1.3492872,1.2392871,1.1592871,0.9992871,0.8892871,0.2792871,-0.02071289,-0.19071288,-0.11071289,-0.30071288,-0.4207129,-0.6607129,-0.5307129,0.3692871,1.0992872,0.7692871,-0.11071289,-0.9707129,-1.8207129,-2.380713,-4.110713,-5.850713,-4.300713,-3.610713,-0.37071288,2.589287,3.4792871,4.289287,4.429287,4.2792873,4.259287,4.3192873,4.179287,3.9792871,3.7192872,3.019287,2.4192872,2.079287,2.1992872,2.549287,2.539287
9.059287,5.419287,7.979287,5.5492873,0.9992871,1.829287,5.349287,8.629287,8.219287,7.0692873,4.909287,4.959287,4.139287,4.459287,3.9992871,2.629287,1.1592871,0.6592871,0.6392871,0.6992871,0.7592871,0.31928712,-0.070712894,-0.3207129,-0.3107129,-0.49071288,-0.69071287,-1.2507129,-1.5207129,-1.3607129,-0.7207129,0.09928711,0.10928711,-0.2507129,-0.7007129,-0.8507129,-1.300713,-2.210713,-3.7607129,-4.090713,-3.0107129,-2.8107128,-1.3107129,0.55928713,2.809287,3.549287,4.679287,4.649287,4.5492873,4.259287,3.829287,3.4092872,3.809287,3.7092872,2.799287,2.9992871,2.4892871,2.389287,2.1592872,3.1892872
8.159287,9.689287,8.569287,5.8392873,4.739287,2.2092872,5.2992873,8.349287,7.539287,5.2992873,4.959287,4.209287,5.519287,5.8792872,4.259287,0.8492871,-0.12071289,-0.3507129,-0.2907129,0.08928711,0.05928711,-0.1307129,-0.6807129,-0.8607129,-1.1307129,-1.3307129,-1.170713,-1.0407128,-0.82071286,-0.6407129,-0.6607129,-0.6507129,-0.8107129,-0.8107129,-1.0707129,-1.1907129,-1.2107129,-1.4707129,-1.2407129,-2.360713,-1.8707129,-0.7207129,0.7792871,2.889287,3.769287,4.179287,4.309287,4.5692873,4.389287,4.019287,3.9392872,4.0692873,4.509287,3.4992871,3.7092872,2.589287,3.029287,2.9892871,3.1592872,3.079287
11.419287,10.269287,7.479287,5.139287,4.969287,3.079287,8.019287,8.349287,8.1192875,3.869287,6.229287,6.749287,6.209287,5.639287,3.039287,0.08928711,-0.6107129,-0.6807129,-0.7807129,-7.1289064E-4,-0.76071286,-1.2207129,-1.1807129,-0.9607129,-1.0407128,-1.1207129,-0.4807129,-0.6207129,-0.9307129,-1.0707129,-0.9607129,-0.9207129,-0.9207129,-1.3807129,-1.2407129,-1.0807129,-1.2907128,-1.6107129,-1.4607129,-0.2807129,-0.23071289,1.2692871,1.4092871,2.4592872,3.4992871,4.139287,3.9992871,3.6692872,4.209287,4.619287,4.3792872,4.199287,3.389287,3.2392871,2.789287,2.6992872,2.029287,1.8392872,2.099287,2.849287
11.1192875,8.279287,4.699287,6.8592873,5.479287,2.129287,9.669287,8.339287,7.7792873,5.219287,6.959287,6.409287,6.059287,1.8092871,1.5692871,1.1392871,0.5192871,-0.3807129,-0.2107129,-0.04071289,0.7192871,1.3892871,0.34928712,0.08928711,-0.1607129,-0.7207129,-0.9207129,-0.8707129,-0.7207129,-0.94071287,-1.4607129,-1.5907129,-1.0907129,-1.170713,-1.4007128,-1.0907129,-1.0707129,-1.170713,-0.7907129,-0.4807129,0.4292871,1.2092872,2.889287,2.779287,3.1892872,2.859287,3.349287,3.849287,3.829287,3.609287,3.549287,3.1792872,3.029287,3.2092872,2.819287,2.299287,2.2492871,1.9092871,2.019287,1.5392871
10.839287,7.139287,1.7492871,7.599287,6.139287,2.7392871,9.759287,8.649287,2.379287,5.729287,5.459287,3.639287,0.8892871,0.6292871,3.589287,2.2392871,0.8392871,0.37928712,0.3092871,0.23928711,0.2792871,0.11928711,-0.3407129,-0.5407129,-0.40071288,-0.6207129,-0.9707129,-1.3807129,-1.2407129,-0.9807129,-1.4507129,-0.8307129,-1.7107129,-1.8307129,-1.8707129,-1.0207129,-0.7007129,-0.2407129,-0.40071288,0.2992871,0.18928711,1.0192871,1.7692871,2.349287,2.4992871,3.639287,3.259287,3.319287,3.2092872,3.2192872,2.7392871,2.799287,2.9092872,2.799287,2.6792872,1.829287,1.5992872,1.3592871,1.1392871,1.2692871
9.419287,0.4292871,0.9992871,6.679287,5.429287,7.709287,7.559287,8.269287,1.1892871,7.539287,8.039288,4.809287,4.209287,1.2492871,2.799287,1.8092871,1.2292871,0.55928713,0.8392871,0.4892871,0.24928711,-0.1307129,-0.7107129,-0.9007129,-1.0807129,-0.9507129,-1.1107129,-0.9007129,-0.5207129,-0.63071287,-0.9807129,-1.8807129,-1.4707129,-1.7907128,-1.0907129,-0.5907129,-0.40071288,-1.0107129,-0.20071289,0.21928711,0.9092871,0.8592871,0.4092871,2.1692872,2.629287,3.069287,3.299287,3.1492872,3.4392872,3.2492871,3.4792871,2.599287,2.1592872,2.529287,2.269287,1.6492871,1.4692872,1.2692871,1.2892871,1.2192872
0.07928711,-2.930713,2.279287,5.019287,5.869287,7.009287,7.079287,7.169287,1.8492872,7.3392873,8.859287,5.349287,5.209287,0.31928712,2.769287,3.9292872,2.879287,1.4792871,1.1092871,0.9092871,0.9092871,0.12928711,0.18928711,-0.7707129,-0.8607129,0.3992871,1.8592871,2.4392872,0.25928712,-0.030712891,0.24928711,-0.5207129,-0.8707129,-1.0807129,-1.8507129,-1.2207129,-0.6107129,0.6292871,1.2292871,1.1192871,1.199287,2.019287,2.829287,2.4692872,2.829287,2.869287,2.879287,3.4492872,4.019287,3.849287,3.019287,3.1592872,1.7892871,1.3792871,1.7992871,1.8792871,1.6592871,1.7292871,1.5592871,1.2192872
0.44928712,0.24928711,1.949287,4.059287,9.089287,3.6792872,6.119287,7.329287,2.6992872,4.949287,6.689287,2.8992872,0.8992871,1.199287,-0.9107129,2.819287,0.7292871,3.319287,1.7292871,0.6092871,1.449287,1.5492871,1.2892871,0.37928712,-0.17071289,1.4192871,2.139287,1.7692871,1.199287,0.67928714,0.9092871,1.579287,-0.6007129,-0.8507129,-1.670713,-1.3107129,-0.94071287,-0.2907129,0.24928711,0.9992871,1.6892871,1.7892871,1.949287,2.509287,2.639287,2.4592872,3.039287,3.599287,3.579287,3.049287,3.109287,3.1992872,2.6992872,1.4392871,1.1292871,1.6392871,1.5292871,1.5692871,1.2192872,0.98928714
0.9192871,-0.030712891,-0.19071288,6.599287,7.209287,5.389287,1.199287,6.6292872,4.5892873,3.2492871,2.9092872,6.7992873,-0.49071288,1.699287,-0.2607129,2.7292871,0.9092871,0.5692871,0.7192871,0.34928712,2.259287,2.279287,0.7592871,1.9792871,3.039287,2.869287,3.4192872,2.6992872,3.789287,2.1492872,1.8192871,2.309287,2.359287,0.8192871,-0.5807129,-0.7107129,-0.3807129,-0.11071289,0.13928711,0.3592871,0.5792871,0.98928714,1.3992871,1.8492872,1.9092871,2.309287,2.859287,2.9792871,2.6692872,2.509287,2.4792871,2.859287,2.799287,2.1792872,0.6092871,0.98928714,0.9692871,1.2792871,1.2092872,1.7392871
-0.30071288,-2.110713,0.6392871,5.8192873,6.159287,6.809287,1.4692872,5.5492873,5.939287,2.6892872,5.009287,8.269287,8.079288,2.609287,0.7892871,3.3992872,-0.3407129,-0.40071288,-0.8907129,0.16928712,0.23928711,0.2792871,-0.3507129,1.449287,4.5292873,4.079287,4.909287,6.0892873,6.349287,4.939287,2.279287,1.9992871,3.539287,1.3192871,-0.12071289,-0.49071288,-0.010712891,-0.19071288,0.05928711,-0.40071288,-0.22071289,0.1492871,0.9692871,0.92928714,1.9192871,3.119287,2.4692872,1.949287,1.699287,1.6092871,1.2692871,1.1092871,1.5392871,1.5992872,1.0692871,-0.30071288,0.2792871,0.7992871,0.7292871,0.6092871
0.6492871,1.1892871,0.7892871,2.9392872,5.139287,5.499287,4.309287,2.759287,4.099287,5.139287,5.659287,7.659287,6.289287,1.5992872,4.5292873,1.0592871,0.16928712,-0.49071288,-1.4607129,-0.5507129,-1.1807129,-0.06071289,-0.08071289,0.1492871,1.3692871,2.139287,4.679287,5.5892873,7.059287,6.869287,3.319287,2.3992872,3.329287,3.039287,0.8292871,0.5192871,-0.17071289,-0.2607129,-0.9307129,-0.2607129,0.06928711,0.8392871,1.1492871,1.449287,1.2992871,1.6492871,1.8392872,1.6692871,1.3692871,1.2892871,1.1092871,0.4892871,0.03928711,0.3692871,1.0692871,0.8192871,0.08928711,0.4992871,0.86928713,0.6492871
0.7992871,2.099287,0.6392871,2.129287,4.219287,4.669287,4.519287,4.2792873,3.859287,4.1292872,5.219287,6.369287,5.939287,5.059287,4.759287,5.079287,2.629287,0.8292871,-0.17071289,0.03928711,1.5292871,0.15928711,-0.3507129,-1.1507128,-1.1407129,0.8892871,1.5492871,6.2792873,8.359287,7.659287,4.679287,-1.7807128,2.349287,-1.5607129,-0.4807129,4.099287,0.8192871,0.12928711,-0.22071289,-0.19071288,0.31928712,0.73928714,1.2392871,1.1692871,0.6592871,0.8492871,1.4592872,1.6092871,1.4892871,1.0092871,0.3992871,0.28928712,-0.4807129,-0.12071289,-0.11071289,0.07928711,0.1792871,0.4392871,0.3892871,0.5392871
2.759287,1.8192871,1.3492872,1.5292871,2.6692872,4.0892873,4.479287,4.329287,4.249287,3.9392872,4.619287,4.749287,5.669287,5.499287,4.649287,4.749287,3.6992872,2.1592872,1.4792871,0.7692871,0.7292871,0.5992871,0.3092871,1.7592871,0.7592871,1.0992872,2.369287,-2.5007129,9.009287,4.5492873,2.2492871,1.7692871,-0.1607129,-0.57071286,0.4592871,-0.40071288,2.019287,-0.17071289,-0.37071288,-0.14071289,0.7292871,1.1492871,1.3892871,1.7592871,2.389287,1.6892871,1.8892871,2.1992872,1.9992871,1.2092872,0.09928711,-0.3507129,-0.6507129,-0.2607129,-0.08071289,-0.4107129,-0.2607129,0.10928711,-0.070712894,0.10928711
6.739287,0.86928713,0.2992871,1.3092871,2.4492872,2.9292872,2.6892872,4.3392873,3.7392871,2.9192872,2.9392872,3.809287,4.679287,4.959287,5.0292873,4.079287,3.1592872,2.279287,1.7692871,0.9192871,0.7592871,1.1492871,1.5892872,1.2492871,1.0292871,0.7592871,0.02928711,-1.050713,3.799287,7.6092873,7.669287,5.709287,4.259287,3.559287,2.4292872,1.5992872,-0.7107129,0.08928711,0.67928714,0.9792871,0.2992871,0.9792871,1.6092871,1.9692872,2.279287,2.3992872,2.4192872,2.129287,2.2192872,1.9192871,1.0092871,-1.2607129,-1.8207129,-1.2807128,-0.2807129,-0.22071289,-0.3207129,-0.3207129,-0.4407129,-0.2807129
4.8592873,1.7692871,1.7192872,1.0092871,2.6492872,2.019287,1.2192872,3.139287,3.4992871,2.359287,1.7092872,2.4592872,3.2292871,4.059287,4.419287,4.759287,3.9492872,2.6792872,1.1392871,1.2192872,1.3092871,1.2192872,1.2992871,1.3992871,5.369287,3.839287,0.44928712,-0.63071287,1.2992871,6.789287,6.429287,7.709287,6.0892873,4.6292872,2.869287,2.7492871,1.949287,0.37928712,2.069287,-0.14071289,0.86928713,2.019287,1.6192871,1.8992871,2.279287,2.9692872,2.8992872,3.119287,3.049287,3.569287,2.9892871,-0.3207129,-1.4007128,-1.6107129,-0.76071286,-0.6207129,-0.5407129,-0.76071286,-0.7307129,-0.5007129
1.2692871,1.1292871,1.2192872,2.4692872,-0.4807129,0.09928711,0.3992871,0.04928711,2.579287,2.109287,1.3792871,1.449287,2.4792871,2.869287,3.569287,3.869287,4.5492873,4.949287,4.6292872,5.0292873,3.2492871,2.099287,2.4992871,2.4692872,5.769287,5.899287,5.349287,1.5992872,-1.0707129,1.0392871,5.1292872,7.849287,6.8792872,5.8392873,5.079287,3.9492872,3.1892872,2.529287,1.3092871,-0.2507129,3.7092872,0.4092871,1.8192871,2.299287,2.629287,3.259287,4.5892873,5.889287,6.059287,4.979287,5.0892873,1.4892871,0.5792871,-0.40071288,-0.9007129,-0.9607129,-1.3207129,-1.420713,-1.0607129,-0.8907129
2.089287,5.699287,3.9292872,2.789287,-0.3907129,-2.650713,-0.12071289,0.08928711,1.2892871,1.699287,1.3892871,0.9692871,1.1892871,2.079287,2.539287,2.9592872,3.1992872,4.019287,4.559287,4.289287,4.1092873,3.1592872,3.4692872,4.429287,5.639287,5.979287,5.8192873,6.389287,2.859287,2.039287,2.609287,3.609287,6.039287,5.199287,5.259287,3.7492871,3.7392871,4.099287,4.709287,5.159287,2.309287,0.7992871,4.599287,4.009287,3.759287,3.789287,4.559287,4.8592873,5.739287,5.709287,5.469287,3.8992872,3.1892872,1.2392871,-0.4407129,0.3992871,0.6092871,-0.3507129,-1.1107129,-1.8407129
8.019287,6.239287,4.419287,2.369287,1.0592871,-0.69071287,-0.76071286,0.3392871,0.04928711,0.7792871,1.1292871,2.9192872,1.0992872,1.6592871,1.949287,2.289287,2.4792871,3.609287,4.0692873,2.7192872,3.069287,3.6892872,2.569287,5.709287,4.6092873,5.399287,5.199287,5.479287,5.429287,5.559287,5.8392873,6.3592873,5.7992873,4.489287,4.1092873,4.289287,3.9092872,3.759287,3.9792871,3.819287,3.369287,2.9492872,1.8092871,3.2392871,3.4392872,3.609287,2.9892871,3.4392872,4.2792873,5.429287,5.209287,4.5892873,3.799287,3.4692872,2.4892871,2.269287,2.599287,-7.1289064E-4,0.6892871,0.9692871
8.429287,7.8792872,2.579287,2.819287,2.6492872,1.8692871,1.2692871,1.0592871,0.2292871,-1.1207129,-0.40071288,0.4392871,2.349287,0.1792871,1.4792871,1.949287,2.029287,2.799287,3.629287,1.7592871,2.279287,2.759287,1.4092871,3.329287,5.519287,4.889287,5.389287,5.249287,5.449287,5.709287,5.979287,6.769287,6.989287,5.259287,3.2492871,3.009287,3.2392871,3.4392872,3.1892872,2.8992872,2.7292871,2.7492871,2.6592872,2.589287,2.849287,3.349287,4.159287,3.789287,4.189287,4.679287,5.139287,5.3392873,4.909287,4.559287,4.429287,4.3792872,4.6092873,4.249287,3.1692872,3.339287
8.589287,8.219287,6.709287,4.189287,3.9892871,3.549287,3.2292871,2.2292871,1.0192871,0.19928712,-0.8407129,-0.8307129,-0.7207129,-0.69071287,-0.2107129,0.8992871,1.3992871,1.9692872,2.389287,0.2692871,0.44928712,1.1392871,0.8992871,1.1192871,4.949287,4.829287,5.179287,5.2992873,5.469287,5.679287,6.019287,6.079287,6.749287,7.1092873,5.199287,2.859287,2.079287,1.829287,2.549287,2.9992871,2.259287,2.359287,2.369287,2.579287,2.6792872,2.819287,3.2192872,3.299287,4.009287,4.139287,4.459287,4.689287,5.099287,5.349287,5.439287,4.8392873,5.679287,6.169287,6.0692873,5.7992873
