current-wind-surface-level-gfs-1.0.json
{"header": {"discipline":0,"gribEdition":2,"gribLength":47667,"center":7,"subcenter":0,"refTime":"2018-08-02T00:00:00.000Z","significanceOfRT":1,"productStatus":0,"productType":1,"productDefinitionTemplate":0,"parameterCategory":0,"parameterNumber":0,"parameterUnit":"K","genProcessType":2,"forecastTime":0,"surface1Type":1,"surface1Value":0.0,"surface2Type":255,"surface2Value":0.0,"gridDefinitionTemplate":0,"numberPoints":65160,"shape":6,"gridUnits":"degrees","resolution":48,"winds":"true","scanMode":0,"nx":360,"ny":181,"basicAngle":0,"lo1":0.0,"la1":90.0,"lo2":359.0,"la2":-90.0,"dx":1.0,"dy":1.0}, "data":
[rows 52 to 77 of 181, columns 120 to 179 of 360]
302.71686,302.11685,302.51685,302.41684,301.91684,300.91684,306.41684,307.61685,305.41684,300.81683,301.71686,301.91684,301.21686,301.21686,300.41684,299.81683,300.01685,300.01685,300.01685,300.01685,303.11685,300.71686,298.31683,298.31683,298.51685,298.31683,299.01685,300.11685,300.31683,300.31683,299.41684,300.21686,300.41684,299.51685,299.61685,299.81683,299.11685,298.21686,297.71686,297.91684,298.41684,298.31683,297.41684,297.61685,297.41684,298.01685,298.31683,298.11685,296.91684,297.01685,297.21686,296.71686,296.21686,297.21686,297.51685,297.61685,297.41684,296.31683,297.71686,296.91684
304.41684,306.01685,307.11685,302.81683,302.81683,303.11685,301.91684,305.41684,305.91684,303.61685,302.21686,301.71686,300.91684,300.81683,300.51685,300.11685,300.11685,305.81683,301.51685,299.31683,306.51685,301.01685,300.61685,300.21686,300.51685,300.11685,299.71686,300.21686,301.11685,300.81683,300.41684,300.91684,301.41684,302.11685,301.91684,300.41684,299.51685,298.91684,298.71686,298.21686,298.91684,298.91684,297.21686,297.41684,297.71686,297.91684,298.11685,299.61685,298.41684,297.11685,297.31683,297.01685,296.61685,297.11685,297.31683,298.11685,298.11685,297.01685,297.41684,297.21686
305.71686,302.91684,302.81683,302.81683,302.21686,302.41684,302.01685,305.31683,302.71686,305.01685,302.11685,300.61685,300.41684,300.41684,300.51685,299.71686,301.41684,303.11685,303.71686,306.31683,314.11685,300.11685,300.81683,301.11685,300.91684,301.61685,300.51685,300.81683,301.51685,302.31683,302.31683,301.91684,302.71686,302.51685,301.61685,300.31683,299.81683,299.11685,298.71686,298.81683,298.21686,298.11685,298.41684,297.91684,297.81683,298.31683,298.91684,299.11685,297.91684,297.41684,298.41684,298.81683,298.11685,297.61685,297.91684,297.31683,297.01685,297.41684,297.11685,296.81683
303.01685,302.81683,302.81683,302.81683,302.51685,301.91684,300.61685,304.91684,304.51685,301.31683,301.21686,301.01685,300.61685,305.41684,307.21686,305.21686,306.41684,310.21686,305.51685,306.01685,302.61685,301.81683,301.31683,301.11685,301.71686,301.91684,301.41684,302.11685,302.21686,302.21686,302.51685,302.61685,302.61685,301.71686,300.81683,300.51685,300.51685,299.61685,298.81683,298.81683,298.31683,297.91684,298.31683,298.11685,298.71686,299.01685,298.71686,298.71686,297.81683,298.01685,298.41684,298.31683,298.21686,298.01685,298.31683,297.61685,296.51685,297.01685,297.41684,297.61685
303.51685,303.61685,303.11685,303.31683,302.21686,300.51685,301.31683,300.41684,300.71686,301.41684,300.21686,301.81683,304.51685,303.91684,305.01685,301.71686,304.81683,300.41684,299.61685,300.61685,302.01685,302.11685,301.31683,301.21686,301.61685,302.11685,302.11685,302.11685,302.01685,302.41684,302.41684,302.11685,301.81683,301.21686,300.71686,300.51685,300.61685,300.31683,299.41684,299.21686,299.11685,298.61685,298.21686,298.21686,298.61685,298.41684,298.21686,298.21686,297.81683,297.91684,298.01685,297.61685,297.71686,297.91684,298.21686,297.91684,297.31683,297.41684,297.81683,298.01685
303.41684,303.51685,303.41684,302.81683,302.01685,301.51685,301.31683,301.41684,302.31683,301.21686,305.81683,301.61685,299.71686,302.11685,301.71686,302.01685,302.11685,301.51685,301.41684,301.71686,302.31683,302.31683,301.81683,301.51685,301.71686,302.01685,301.91684,302.01685,302.21686,302.01685,301.91684,301.81683,301.41684,301.11685,301.01685,300.61685,300.31683,299.91684,299.51685,299.31683,299.31683,298.81683,298.61685,298.61685,298.51685,298.31683,298.21686,298.01685,298.11685,297.91684,297.81683,297.71686,297.71686,297.71686,297.91684,298.41684,298.21686,298.11685,298.01685,298.11685
304.31683,304.61685,302.61685,302.11685,301.71686,301.41684,300.81683,301.81683,302.41684,301.21686,300.91684,300.81683,301.71686,301.91684,301.71686,301.51685,301.41684,301.91684,302.01685,302.11685,302.01685,302.01685,302.11685,301.91684,301.81683,301.61685,301.91684,301.81683,301.91684,302.01685,302.11685,301.91684,301.61685,301.21686,301.21686,301.01685,300.41684,299.91684,299.61685,299.81683,299.71686,299.71686,299.41684,299.31683,299.01685,298.81683,298.91684,298.81683,298.61685,298.31683,298.31683,298.11685,298.01685,298.21686,298.11685,298.31683,298.61685,298.41684,298.31683,298.31683
305.41684,304.71686,302.91684,302.01685,302.41684,301.61685,301.91684,301.81683,301.51685,301.11685,301.61685,302.21686,302.21686,301.51685,301.31683,301.51685,301.41684,301.81683,302.11685,302.21686,302.21686,302.31683,302.21686,302.01685,302.11685,302.01685,302.01685,302.01685,302.31683,302.21686,302.21686,302.01685,301.91684,301.61685,301.61685,301.31683,300.61685,300.11685,300.11685,300.21686,300.01685,299.91684,299.81683,299.51685,299.31683,299.21686,299.51685,299.31683,299.11685,298.91684,298.51685,298.51685,298.61685,298.61685,298.41684,298.61685,298.91684,298.81683,298.61685,298.41684
304.21686,303.61685,301.41684,301.81683,302.61685,301.91684,301.71686,301.51685,301.51685,302.11685,302.01685,302.11685,301.91684,301.21686,301.41684,301.81683,302.01685,302.11685,302.31683,302.41684,302.41684,302.31683,302.21686,302.31683,302.51685,302.61685,302.41684,302.41684,302.51685,302.41684,302.31683,302.31683,302.41684,302.01685,301.91684,301.11685,300.71686,300.31683,300.21686,300.01685,300.01685,299.81683,300.01685,299.91684,299.61685,299.41684,299.51685,299.61685,299.41684,299.21686,299.01685,299.01685,298.91684,299.01685,298.91684,299.11685,299.41684,299.31683,298.91684,298.51685
305.41684,301.51685,303.31683,302.91684,302.41684,302.31683,302.21686,302.31683,301.91684,301.61685,302.51685,301.91684,301.31683,301.11685,301.41684,301.71686,301.91684,302.11685,302.51685,302.61685,302.41684,302.31683,302.71686,303.01685,302.91684,302.81683,302.51685,302.21686,302.41684,302.71686,302.71686,302.81683,302.71686,302.51685,301.91684,301.41684,301.11685,300.51685,300.41684,300.21686,300.21686,300.21686,300.21686,300.21686,299.91684,299.81683,299.91684,299.81683,299.41684,299.31683,299.31683,299.21686,299.31683,299.11685,299.31683,299.41684,299.71686,299.41684,299.01685,298.61685
300.21686,304.11685,302.91684,302.61685,302.21686,302.41684,302.11685,302.11685,302.21686,300.91684,301.31683,301.31683,301.31683,301.31683,301.61685,301.71686,301.81683,301.91684,302.41684,302.51685,302.61685,302.91684,303.01685,303.11685,303.21686,302.91684,302.71686,302.71686,302.71686,302.81683,302.81683,303.21686,303.11685,302.51685,302.11685,301.71686,301.31683,300.91684,300.71686,300.51685,300.41684,300.51685,300.41684,300.51685,300.31683,300.31683,300.31683,300.31683,300.01685,299.81683,299.81683,299.61685,299.81683,299.71686,299.81683,300.01685,300.01685,299.81683,299.41684,299.21686
299.81683,302.61685,302.61685,303.11685,303.01685,302.11685,302.41684,302.61685,300.61685,301.71686,301.81683,301.81683,301.71686,301.61685,301.61685,302.11685,302.11685,302.11685,302.31683,302.51685,302.61685,303.31683,302.71686,303.31683,303.21686,303.01685,303.01685,302.91684,303.01685,302.81683,302.91684,303.01685,302.91684,302.21686,302.01685,302.01685,301.71686,301.41684,301.21686,300.91684,300.81683,300.81683,300.91684,300.81683,300.31683,300.41684,300.41684,300.41684,300.31683,300.21686,300.21686,300.21686,300.21686,300.11685,300.21686,300.01685,300.01685,299.81683,299.71686,299.81683
303.21686,302.51685,302.71686,302.71686,302.51685,302.61685,302.31683,301.61685,300.91684,301.81683,301.81683,301.21686,301.91684,301.71686,301.61685,302.01685,302.31683,302.41684,302.41684,302.51685,302.81683,303.31683,303.51685,303.41684,303.01685,303.31683,303.41684,303.21686,302.91684,302.91684,303.01685,303.31683,303.21686,302.51685,302.31683,302.21686,301.91684,301.61685,301.51685,301.31683,301.31683,301.11685,301.11685,300.91684,300.71686,300.61685,300.51685,300.41684,300.31683,300.41684,300.51685,300.51685,300.51685,300.41684,300.11685,300.01685,299.91684,300.11685,299.91684,300.01685
301.31683,303.31683,301.81683,302.91684,303.71686,301.91684,301.91684,302.21686,301.81683,301.71686,301.91684,302.11685,302.31683,302.11685,301.81683,302.41684,302.51685,302.61685,302.61685,302.71686,303.21686,303.21686,303.51685,303.21686,303.11685,303.41684,303.51685,303.21686,303.11685,302.91684,303.31683,303.41684,303.51685,302.71686,302.51685,302.31683,302.31683,301.81683,301.71686,301.41684,301.21686,301.11685,301.11685,300.81683,300.71686,300.71686,300.51685,300.81683,300.61685,300.51685,300.51685,300.41684,300.51685,300.51685,300.31683,300.41684,300.51685,300.41684,300.11685,300.11685
302.51685,299.51685,303.41684,302.81683,302.41684,303.11685,302.31683,302.01685,301.81683,301.61685,301.91684,302.21686,302.21686,302.21686,302.21686,302.71686,302.81683,302.91684,302.91684,302.71686,303.11685,303.31683,303.41684,303.31683,303.31683,303.61685,303.71686,303.31683,303.21686,303.31683,303.41684,303.31683,303.21686,302.81683,302.61685,302.51685,302.21686,301.91684,301.81683,301.61685,301.31683,301.11685,301.11685,301.01685,301.01685,300.91684,301.01685,301.01685,300.91684,300.71686,300.71686,300.71686,300.81683,300.81683,300.61685,300.61685,300.61685,300.61685,300.51685,300.61685
303.41684,295.71686,303.51685,303.01685,302.91684,302.81683,302.41684,302.21686,302.11685,302.01685,302.11685,301.91684,302.11685,302.21686,302.51685,302.81683,303.01685,303.01685,302.81683,302.71686,303.01685,303.31683,303.51685,303.41684,303.61685,303.91684,304.01685,303.71686,303.51685,303.31683,303.31683,303.51685,303.31683,303.01685,302.71686,302.41684,302.21686,301.91684,301.81683,301.61685,301.31683,301.41684,301.41684,301.11685,301.21686,301.41684,301.51685,301.51685,301.41684,301.21686,301.01685,301.21686,301.01685,301.11685,301.01685,300.91684,300.61685,300.81683,301.11685,300.81683
303.71686,303.11685,303.11685,302.91684,302.51685,302.21686,302.61685,302.61685,302.61685,302.51685,302.61685,302.41684,302.61685,302.71686,303.01685,303.01685,303.11685,302.71686,302.71686,302.51685,303.01685,303.31683,303.41684,303.61685,303.81683,304.01685,304.01685,304.01685,303.71686,303.51685,303.51685,303.51685,303.21686,303.01685,302.81683,302.51685,302.41684,302.01685,301.71686,301.81683,301.71686,301.71686,301.81683,301.61685,301.61685,301.71686,301.81683,301.81683,301.71686,301.71686,301.51685,301.31683,301.21686,301.01685,301.31683,301.31683,301.11685,301.31683,301.31683,301.21686
303.11685,304.11685,301.91684,303.41684,302.91684,302.51685,302.81683,303.01685,303.31683,303.11685,303.01685,302.91684,302.91684,302.91684,303.21686,303.11685,302.61685,302.91684,303.01685,302.91684,303.21686,303.21686,303.41684,303.41684,303.71686,303.81683,303.91684,303.81683,303.71686,303.71686,303.61685,303.41684,303.21686,302.91684,302.91684,302.51685,302.31683,302.21686,301.81683,301.81683,301.81683,301.81683,301.71686,301.91684,302.01685,302.11685,302.21686,302.21686,302.11685,301.91684,301.81683,301.71686,301.41684,301.31683,301.41684,301.41684,301.51685,301.51685,301.81683,301.81683
303.41684,303.91684,303.71686,303.91684,303.41684,303.31683,303.51685,303.51685,303.51685,303.11685,303.11685,302.91684,303.01685,303.01685,303.11685,303.11685,302.61685,302.91684,303.11685,303.21686,303.01685,303.01685,303.21686,303.51685,303.41684,303.71686,303.71686,303.81683,303.71686,303.61685,303.51685,303.51685,303.31683,303.11685,302.81683,302.61685,302.31683,301.91684,302.11685,301.91684,302.01685,302.21686,302.21686,302.21686,302.31683,302.41684,302.41684,302.41684,302.41684,302.41684,302.31683,302.01685,301.71686,301.71686,301.61685,301.91684,301.81683,301.81683,302.21686,301.91684
303.81683,303.11685,302.81683,303.91684,303.61685,303.51685,303.81683,303.91684,303.71686,303.41684,303.21686,303.21686,303.11685,303.21686,303.31683,303.31683,303.11685,303.01685,302.91684,302.91684,303.01685,303.11685,302.91684,303.11685,303.61685,303.51685,303.71686,303.81683,303.91684,303.61685,303.41684,303.21686,303.41684,303.21686,302.71686,302.61685,302.31683,302.31683,302.21686,302.41684,302.31683,302.41684,302.61685,302.61685,302.61685,302.61685,302.81683,302.81683,302.51685,302.51685,302.41684,302.21686,301.91684,301.81683,301.91684,301.81683,301.91684,302.01685,302.41684,302.31683
303.81683,297.81683,301.51685,303.91684,303.61685,303.51685,303.61685,303.61685,303.31683,303.31683,303.11685,303.11685,303.41684,303.41684,303.41684,303.31683,303.21686,303.11685,302.81683,302.81683,302.81683,302.71686,302.71686,302.81683,302.91684,303.21686,303.71686,303.71686,303.61685,303.51685,303.31683,303.61685,303.01685,303.01685,302.81683,302.71686,302.51685,302.41684,302.21686,302.51685,302.61685,302.81683,303.01685,302.81683,302.71686,303.01685,303.11685,303.01685,302.71686,303.31683,303.11685,302.61685,302.11685,302.31683,302.31683,302.01685,302.11685,302.41684,302.81683,302.71686
304.01685,296.11685,304.11685,303.81683,303.61685,303.41684,303.41684,303.31683,303.21686,303.01685,303.11685,303.01685,303.21686,303.11685,303.21686,303.11685,303.01685,303.01685,303.01685,302.61685,302.61685,302.61685,302.61685,302.71686,302.71686,302.51685,303.01685,303.21686,303.01685,303.01685,303.11685,303.11685,303.31683,302.81683,302.51685,302.41684,302.21686,302.31683,302.31683,302.51685,302.61685,302.81683,303.41684,303.31683,303.31683,303.41684,303.41684,303.81683,303.51685,302.91684,303.31683,302.71686,302.81683,302.51685,302.81683,302.41684,302.61685,302.71686,302.41684,302.71686
302.51685,300.31683,303.61685,303.71686,303.51685,303.31683,303.21686,303.21686,302.91684,302.91684,302.71686,302.81683,302.81683,303.11685,302.91684,303.01685,303.01685,302.81683,302.81683,302.81683,302.61685,302.61685,302.71686,302.61685,302.51685,302.61685,302.71686,302.71686,302.91684,302.81683,302.81683,302.91684,303.01685,302.81683,302.61685,302.51685,302.31683,302.41684,302.31683,302.61685,303.01685,303.31683,303.41684,303.41684,303.51685,303.51685,303.91684,305.01685,304.01685,303.11685,302.81683,303.01685,303.11685,303.31683,303.61685,303.51685,303.01685,303.01685,303.01685,303.01685
302.91684,303.91684,302.81683,303.11685,303.11685,303.11685,303.11685,302.91684,302.61685,302.61685,302.61685,302.61685,302.71686,302.81683,302.71686,302.71686,302.71686,302.71686,302.81683,302.61685,302.61685,302.51685,302.41684,302.51685,302.41684,302.71686,302.71686,302.51685,302.71686,302.71686,302.71686,302.81683,302.61685,302.61685,302.41684,302.41684,302.41684,302.51685,302.61685,302.91684,303.51685,303.51685,303.61685,303.61685,303.81683,303.61685,304.71686,303.91684,303.61685,303.41684,303.51685,303.31683,303.61685,303.91684,304.01685,303.61685,303.71686,303.41684,303.31683,303.21686
302.61685,299.01685,302.11685,301.51685,302.71686,302.71686,302.81683,302.61685,302.41684,302.31683,302.41684,302.31683,302.31683,302.41684,302.51685,302.51685,302.61685,302.51685,302.51685,302.31683,302.41684,302.31683,302.41684,302.41684,302.41684,302.61685,302.61685,302.51685,302.71686,302.61685,302.91684,302.71686,302.61685,302.71686,302.51685,302.41684,302.51685,302.71686,302.71686,303.31683,303.61685,303.71686,303.51685,303.31683,303.81683,303.31683,303.71686,303.91684,303.81683,304.21686,303.61685,303.91684,304.21686,304.11685,304.31683,304.11685,304.21686,304.11685,304.31683,303.51685
302.51685,299.11685,302.31683,302.41684,301.11685,302.61685,302.71686,302.41684,302.41684,302.21686,302.01685,302.01685,301.91684,301.91684,302.11685,302.31683,302.31683,302.51685,302.41684,302.31683,302.31683,302.31683,302.41684,302.61685,302.51685,302.51685,302.71686,302.81683,302.71686,302.91684,303.01685,302.91684,302.71686,302.71686,302.61685,302.51685,302.71686,302.71686,302.81683,303.31683,303.51685,303.51685,303.11685,303.31683,303.61685,303.81683,303.81683,303.61685,303.91684,304.11685,303.91684,303.41684,303.71686,303.51685,303.81683,304.31683,304.61685,304.61685,303.91684,304.11685
