current-wind-surface-level-gfs-1.0.json
{"header": {"discipline":0,"gribEdition":2,"gribLength":74806,"center":7,"subcenter":0,"refTime":"2018-08-02T00:00:00.000Z","significanceOfRT":1,"productStatus":0,"productType":1,"productDefinitionTemplate":0,"parameterCategory":2,"parameterNumber":2,"parameterUnit":"m.s-1","genProcessType":2,"forecastTime":0,"surface1Type":103,"surface1Value":10.0,"surface2Type":255,"surface2Value":0.0,"gridDefinitionTemplate":0,"numberPoints":65160,"shape":6,"gridUnits":"degrees","resolution":48,"winds":"true","scanMode":0,"nx":360,"ny":181,"basicAngle":0,"lo1":0.0,"la1":90.0,"lo2":359.0,"la2":-90.0,"dx":1.0,"dy":1.0}, "data":
[rows 26 to 51 of 181, columns 171 to 227 of 360]
-1.9361572,-1.8461572,-1.6961572,-0.7761572,-1.4961572,-0.8161572,-0.43615723,0.31384277,2.7438428,5.5838428,6.1238427,6.153843,5.9338427,4.673843,2.7438428,1.6138427,1.7338427,0.25384277,-1.8961573,-2.3861573,-2.306157,-1.4061573,-0.5661572,-0.07615723,0.27384278,0.52384275,1.3838428,1.5038428,0.9938428,0.6138428,0.64384276,0.06384277,1.1738428,1.9438428,2.1038427,2.6738427,0.6238428,2.5638428,2.193843,1.5438428,2.1538427,1.5738428,0.47384277,3.5138428,4.8538427,6.293843,5.133843,2.2038429,2.9338427,1.1138427,1.5738428,1.3738427,3.9738429,1.7138427,2.3938427,2.0238428,2.8438427
-3.4461572,-3.0961573,-2.6461573,-2.1461573,-2.6361573,-2.1961572,-0.91615725,-1.0661572,-0.90615726,0.6838428,0.9938428,1.4038428,1.6938428,1.9538428,1.2638428,0.033842772,-0.65615726,-0.40615723,-0.41615722,0.013842774,0.8138428,1.7038428,1.9238428,1.4138428,0.4238428,-0.15615723,-0.30615723,-0.43615723,-0.5061572,0.47384277,1.5638428,1.4638427,-0.10615723,0.49384278,3.0838428,4.023843,-0.36615723,0.9138428,-1.0561572,1.0338428,2.8538427,3.0138428,2.6238427,2.1038427,1.7338427,3.9338427,4.9338427,3.3838427,2.0838428,1.7738428,1.3138428,0.5638428,1.1738428,2.1338427,1.7038428,2.7538428,2.6838427
-1.7561573,-1.5361573,-0.43615723,-0.55615723,-0.3861572,-0.9361572,-1.4061573,-1.4261572,-2.7961571,-1.9261572,-1.1961572,-0.8261572,-0.41615722,-0.12615722,0.11384277,0.48384276,1.1038427,1.8538427,2.7738428,3.3838427,2.943843,2.4738429,2.1838427,1.0438428,0.26384276,0.023842774,-0.26615724,-0.14615722,-0.0061572264,1.3538427,1.0238428,-0.7561572,-1.2661573,0.3638428,0.48384276,2.0138428,-0.8861572,-2.1961572,0.07384277,1.4238428,2.2838428,3.2638428,1.0738428,0.24384278,-0.056157228,1.5838428,1.4438428,3.1238427,3.7738428,1.3438427,0.043842774,-0.6361572,-0.5661572,-0.18615723,1.0138428,3.1438427,0.5638428
0.63384277,-1.9461572,-3.0061572,-2.9361572,-3.0761573,-2.8761573,-2.8361573,-3.056157,-2.2061572,-1.3261572,-1.0961572,-0.78615725,-0.116157226,0.63384277,1.3338428,2.3038428,3.3938427,3.0138428,2.3338428,1.8438427,1.5438428,1.3438427,1.0738428,0.64384276,0.63384277,0.24384278,-0.016157227,0.9338428,1.0138428,0.23384278,-3.2061572,-0.12615722,0.52384275,0.7238428,0.07384277,1.3138428,2.0838428,-0.7461572,3.1338427,2.9038427,0.06384277,-0.73615724,0.45384276,1.7838428,0.70384276,2.2138429,0.64384276,0.71384275,2.1838427,2.1038427,-0.046157226,-1.9761572,0.8538428,2.2038429,1.8038428,1.5038428,0.59384274
-1.9761572,-2.1861572,-3.306157,-3.3761573,-3.4161572,-3.056157,-2.6961572,-2.5261571,-2.1461573,-1.6461573,-1.2361572,-0.6861572,0.17384277,1.6738428,1.8038428,1.4738427,0.82384276,0.69384277,0.44384277,-0.7561572,-0.9661572,-0.97615725,-0.85615724,-0.44615722,-0.80615723,-0.7761572,-0.41615722,-0.36615723,-1.6861572,-2.0861573,-0.91615725,0.69384277,0.88384277,1.2238427,-0.20615722,2.7138429,1.8938428,2.4838428,4.733843,1.6538428,1.1938428,2.9538429,3.8138428,4.8338428,4.773843,3.6138427,5.613843,3.6138427,0.71384275,0.5638428,2.0038428,3.4338427,3.1538427,1.6938428,3.1638427,2.7138429,1.8338428
-3.7661572,-3.7261572,-3.6461573,-3.5061572,-3.4261572,-3.3661573,-3.3161573,-3.3661573,-3.0061572,-2.4161572,-1.7861573,-1.5461572,-1.9361572,-2.0961573,-1.8561572,-1.1161572,0.013842774,0.96384275,0.5538428,0.41384277,0.23384278,-0.3561572,-1.9561572,-2.1661572,-2.4461572,-2.8461573,-3.4461572,-4.7561574,-2.5361571,-2.3161573,-0.78615725,0.7938428,1.2038428,0.96384275,1.5638428,-1.0361573,2.7738428,6.7438426,8.363843,9.583843,7.133843,5.9138427,4.093843,3.4738429,4.2638426,5.023843,5.7838426,5.8338428,5.6638427,4.9538426,4.8338428,1.7038428,1.7838428,0.37384278,-0.55615723,3.4238427,3.2138429
-5.176157,-5.206157,-5.2961574,-5.1461573,-5.016157,-4.886157,-4.7961574,-4.8361573,-4.8961573,-4.9161572,-4.656157,-3.9761572,-2.6261573,-0.9661572,0.57384276,1.8338428,2.5238428,2.4038427,1.6938428,0.95384276,1.3338428,1.9438428,1.0638428,0.3638428,-1.2161572,-2.5061572,-2.6761572,-3.3561573,-4.3161573,-5.706157,-4.3161573,-2.0261571,-3.2961571,-3.4061573,0.88384277,7.903843,2.2238429,-1.0661572,2.4938428,3.7938428,5.343843,6.7638426,7.653843,7.9538426,7.733843,6.813843,5.713843,5.2038426,5.2238426,5.6238427,6.2438426,7.323843,7.653843,2.1438427,1.6338428,1.0238428,2.8038428
-6.8361573,-6.656157,-6.866157,-6.5661573,-5.9661574,-5.156157,-3.7261572,-1.7661573,-0.026157226,1.3638427,2.0738428,2.3238428,2.5738428,2.7338428,2.8738427,3.2238429,3.5738428,3.6638427,3.5038428,3.1438427,3.2838428,2.9138427,1.9538428,1.2838428,0.84384274,0.30384278,-0.6461572,-1.6561573,-1.4461572,-1.4961572,-5.5061574,-2.4661572,1.2638428,5.093843,3.0538428,2.5538428,7.733843,9.913843,8.803843,8.403843,7.9538426,7.5838428,7.2638426,6.733843,5.6038427,5.2238426,5.233843,5.4538426,5.7838426,5.8738427,6.153843,6.4538426,5.983843,4.323843,3.0238428,0.64384276,1.3838428
-4.7161574,-2.7061572,-0.3261572,1.1238427,1.6938428,1.9438428,2.0138428,2.0238428,1.9938427,1.9038428,1.9438428,2.0638428,2.2138429,2.3938427,2.7938428,3.2638428,4.133843,4.4738426,4.773843,5.383843,5.733843,5.843843,5.6238427,4.8538427,4.573843,3.5638428,2.2538428,-1.3361572,-2.2761571,-3.806157,0.65384275,5.0538425,4.0138426,3.4638429,4.6038427,5.813843,6.403843,6.563843,6.633843,6.613843,6.2438426,5.7238426,5.653843,5.543843,5.4738426,5.633843,5.8038425,6.073843,6.543843,6.843843,6.4738426,6.633843,6.3338428,6.133843,8.563843,4.8738427,1.9538428
2.8138428,2.3938427,1.9338428,1.5638428,1.3538427,1.2238427,1.2638428,1.5538428,1.9138428,2.2838428,2.4938428,2.5738428,2.5738428,2.693843,2.9138427,3.2538428,3.8138428,4.523843,4.823843,5.193843,5.8038425,6.3738427,7.113843,7.153843,3.8438427,2.6138427,-0.60615724,1.6638428,2.5838428,-0.46615723,0.5038428,2.5238428,3.9338427,5.023843,5.4138427,5.8538427,6.233843,6.313843,5.863843,5.8338428,5.5138426,4.9338427,4.813843,5.2438426,5.523843,6.023843,6.1238427,6.1038427,6.613843,7.193843,6.9938426,6.793843,6.5138426,6.823843,7.2038426,6.003843,2.8338428
3.1438427,3.2038429,4.193843,5.2438426,5.5138426,6.253843,6.9738426,7.463843,7.903843,8.183843,7.8038425,7.503843,6.753843,6.003843,5.4538426,4.943843,4.8738427,4.753843,4.7238426,5.0538425,5.2638426,6.323843,4.5338426,1.2138427,7.253843,7.1238427,4.6038427,3.943843,2.5638428,1.3038428,1.4138428,2.0838428,3.3938427,4.573843,5.4338427,5.9338427,6.073843,6.063843,5.8338428,5.3538427,5.153843,4.9138427,4.943843,5.1238427,5.673843,6.363843,6.733843,6.5138426,6.7238426,7.903843,7.6438427,7.1238427,7.003843,6.9738426,6.423843,5.9538426,4.0338426
4.273843,4.4538426,5.1638427,5.483843,7.693843,7.563843,7.6638427,7.653843,8.063843,8.533843,8.753842,8.553843,8.333843,7.193843,4.323843,4.3738427,3.1338427,4.043843,4.0538425,4.7838426,3.7438428,6.1638427,8.633842,9.243843,8.663843,7.3038425,5.573843,4.313843,3.2538428,1.8938428,1.4338428,1.9938427,2.8138428,3.8138428,4.863843,5.293843,5.343843,5.293843,5.3038425,5.3038425,4.983843,5.0538425,5.1838427,5.4538426,5.863843,6.4338427,6.323843,6.823843,6.403843,6.843843,6.823843,6.7238426,7.043843,6.843843,6.443843,5.843843,5.3538427
3.9938428,4.6638427,5.5538425,6.4538426,6.9538426,7.1838427,7.2238426,7.503843,7.8338428,6.7638426,8.373843,6.403843,5.9138427,4.563843,5.423843,4.063843,5.8038425,6.883843,7.133843,7.3038425,7.673843,7.983843,8.353843,8.893843,8.453843,7.273843,6.0338426,5.4938426,4.573843,2.5738428,1.8038428,1.4938427,2.1538427,2.8638427,3.8138428,4.4338427,4.523843,4.4338427,4.613843,4.633843,4.673843,4.5838428,4.903843,5.6438427,5.4138427,5.503843,5.653843,6.2438426,5.6638427,6.293843,6.3338428,6.293843,6.523843,6.503843,6.4738426,6.2438426,6.1838427
6.0138426,6.843843,7.073843,7.153843,7.293843,7.6438427,7.2638426,7.363843,7.633843,8.163843,8.473843,8.8438425,9.023843,8.5938425,7.9138427,7.773843,7.483843,7.5338426,7.983843,8.213842,8.563843,8.753842,8.953843,8.943843,8.323843,7.253843,7.003843,6.613843,6.2838426,4.573843,2.6238427,1.3838428,1.3938428,1.7838428,2.2938428,2.7938428,3.1438427,3.1438427,3.693843,3.7538428,4.1638427,5.273843,5.483843,5.193843,4.8938427,4.943843,5.2438426,5.423843,5.463843,5.4538426,5.673843,5.753843,5.733843,5.9938426,6.1638427,6.2638426,6.4938426
6.983843,7.4738426,7.173843,7.8338428,8.523843,8.313843,8.023843,8.013843,8.153843,8.673842,8.903843,8.8438425,9.163843,8.583843,8.413843,8.283843,8.383842,8.463842,8.163843,8.173842,8.433843,8.743843,8.773843,8.813843,8.053843,7.613843,7.573843,7.443843,7.1038427,6.573843,5.633843,4.2438426,2.2738428,1.2238427,1.5738428,1.5638428,0.7238428,0.88384277,2.7838428,4.773843,4.9538426,4.9538426,5.133843,4.813843,4.343843,4.5338426,4.7838426,4.6838427,4.4538426,4.5838428,4.543843,4.793843,5.0538425,5.4138427,5.7638426,5.9138427,5.963843
8.363843,8.513843,7.8538427,7.773843,8.053843,8.233843,8.443843,8.253842,8.013843,8.033843,7.9938426,8.483843,8.683843,8.433843,8.303843,8.393843,8.333843,7.7638426,7.8738427,8.253842,8.523843,8.413843,8.543842,8.253842,8.163843,7.9738426,7.753843,7.293843,7.1038427,7.5338426,6.563843,6.4338427,5.7438426,4.843843,3.9038427,3.4338427,3.7838428,3.7538428,4.0338426,4.543843,4.713843,4.5338426,4.293843,3.6738427,3.4338427,3.3638427,3.0038428,3.2138429,2.9738429,3.193843,3.7738428,4.0138426,4.4938426,4.6438427,4.3538427,4.9738426,5.313843
7.273843,8.203843,8.043842,7.773843,7.543843,7.1838427,7.0338426,6.773843,6.8538427,7.133843,7.403843,7.983843,7.943843,7.713843,7.693843,7.4738426,7.5138426,7.213843,7.423843,7.6438427,7.7238426,7.6438427,7.823843,7.883843,7.653843,7.363843,6.8938427,6.4138427,6.3938427,7.073843,6.843843,6.9738426,6.883843,6.343843,5.673843,5.383843,4.8338428,4.093843,4.2438426,3.9038427,4.1438427,3.4238427,2.9538429,2.2538428,1.5038428,1.2738428,0.82384276,-0.24615723,0.94384277,1.9938427,2.5338428,3.4238427,3.4638429,3.5138428,3.7838428,3.9238427,4.2238426
6.503843,6.8938427,7.3038425,7.063843,7.1638427,7.093843,6.943843,6.4938426,6.023843,6.073843,6.633843,7.0138426,6.443843,6.523843,6.4138427,6.233843,6.573843,6.8538427,6.8738427,7.193843,7.463843,7.483843,7.483843,7.3538427,7.043843,6.6638427,6.273843,5.903843,6.003843,6.313843,6.6238427,7.133843,7.4738426,7.073843,6.9138427,6.653843,6.363843,4.3338428,4.9938426,3.7338428,3.9838428,2.3138428,-1.4161572,-1.3061572,-0.9361572,-1.5261573,-1.3761573,-0.33615723,0.18384278,0.48384276,1.1438428,2.1138427,2.7538428,3.2338428,3.4638429,3.5438428,3.9938428
4.983843,5.6838427,6.1838427,6.1838427,6.003843,5.773843,5.5338426,5.233843,5.093843,4.983843,5.323843,5.503843,5.443843,5.213843,5.233843,5.5838428,5.543843,5.773843,6.293843,6.6438427,6.7238426,6.7238426,6.7238426,6.573843,6.2638426,6.193843,6.193843,6.173843,6.2038426,6.403843,6.693843,6.9138427,7.063843,6.5338426,6.213843,6.253843,5.8538427,4.9938426,4.2038426,3.8038428,3.3938427,2.7438428,2.8738427,2.443843,2.1638427,0.7438428,-1.5761572,-1.2761573,-0.86615723,1.1338428,1.2738428,1.8738427,2.5338428,3.1138427,3.4238427,3.3238428,3.5738428
4.1238427,3.9938428,4.0838428,4.0538425,4.4938426,4.733843,4.483843,4.003843,4.1038427,4.1838427,3.9938428,4.0838428,4.5538425,4.6238427,4.6638427,4.733843,5.073843,5.4138427,5.573843,5.773843,5.883843,5.9938426,6.133843,6.153843,6.1038427,6.1238427,6.173843,6.0838428,6.1838427,6.233843,6.503843,6.9338427,6.5838428,5.843843,5.423843,4.713843,4.503843,4.943843,3.8638427,3.0038428,2.5238428,1.1538428,1.4438428,2.3338428,2.7038429,2.6338427,3.6538427,2.7938428,2.1238427,-0.23615722,0.9138428,1.6738428,2.1638427,2.8238428,3.3038428,3.4638429,3.2638428
3.193843,3.1638427,3.2038429,3.3338428,3.2638428,3.4938428,3.2238429,2.4238427,2.7338428,2.6638427,2.7638428,3.2838428,3.5038428,3.7238429,4.0138426,4.153843,4.3538427,4.613843,4.8738427,5.1038427,5.233843,5.313843,5.383843,5.2438426,5.133843,5.2438426,5.423843,5.6038427,5.3538427,5.093843,5.2638426,5.3038425,5.173843,4.6438427,4.133843,3.3938427,2.9338427,4.273843,2.3538427,2.0238428,1.6138427,0.5038428,-0.98615724,-0.24615723,1.5538428,2.7138429,3.0838428,2.3938427,1.5738428,1.3738427,-0.026157226,0.8738428,0.8538428,1.8638427,2.3138428,2.9038427,2.8438427
1.8738427,1.9638427,2.1638427,1.9838427,1.7538428,1.7238427,1.8338428,1.8338428,1.8438427,1.8038428,1.9038428,2.3338428,2.7038429,2.9538429,3.0438428,3.2438428,3.2538428,3.3338428,3.5838428,3.8438427,4.133843,4.343843,4.3938427,4.313843,4.1438427,4.0138426,4.043843,4.4138427,4.4738426,3.9038427,4.0138426,4.023843,3.8338428,3.2938428,2.5738428,2.5138428,2.6138427,1.6438428,1.0138428,1.1738428,0.9138428,0.093842775,-2.306157,-2.9761572,-0.8361572,0.83384275,1.6338428,1.4438428,0.9338428,1.3138428,-0.53615725,1.4738427,1.4138428,1.0738428,1.4438428,2.0438428,2.6038427
0.49384278,0.5538428,0.51384276,0.27384278,0.05384277,0.38384277,0.6638428,0.95384276,1.0038428,0.83384275,0.95384276,1.2338427,1.7338427,1.8938428,1.8238428,1.6538428,1.7838428,2.0038428,2.2338428,2.3638427,2.5838428,2.9238427,3.2038429,3.4938428,3.6238427,3.5338428,3.5438428,3.7538428,3.6038427,3.4238427,2.8038428,2.3438427,1.5338428,1.9138428,2.4138427,1.3638427,0.4238428,0.013842774,-0.12615722,0.31384277,0.6838428,0.7938428,0.84384274,-0.7161572,-1.6961572,0.093842775,0.33384278,0.35384277,0.77384275,0.89384276,1.1838428,0.4238428,2.1438427,0.7438428,1.7238427,1.2238427,2.3738427
-0.53615725,-0.8261572,-0.7161572,-0.65615726,-1.7561573,-1.6061572,-1.3361572,-1.2861573,-1.1261573,-1.1461573,-0.54615724,0.33384278,0.40384278,-0.016157227,-0.056157228,0.28384277,0.52384275,0.63384277,0.47384277,0.7338428,0.94384277,1.1138427,1.4638427,2.1438427,2.5938427,2.5738428,2.8538427,2.6638427,2.3738427,1.9438428,0.5538428,-0.42615724,0.05384277,-0.43615723,-0.6461572,-0.84615725,-0.48615724,-0.36615723,-1.1661572,-1.0261573,0.15384278,0.51384276,1.4038428,1.1938428,0.08384278,-0.24615723,-0.36615723,-0.3861572,0.70384276,0.94384277,1.5438428,1.0138428,1.4038428,1.4338428,1.3338428,1.2638428,2.2438428
-0.046157226,-0.6261572,-1.1461573,-1.7061572,-1.1861572,-0.98615724,-1.3461572,-1.7961572,-2.4461572,-0.7761572,-0.28615722,-1.3161572,-1.7961572,-1.1261573,-1.4061573,-1.4461572,-1.1661572,-0.8761572,-1.2561573,-1.2861573,-1.3861573,-1.3861573,-1.0061573,-0.44615722,0.08384278,0.123842776,0.10384277,-0.056157228,-0.3261572,-0.9361572,-1.2461572,-1.2761573,-2.6861572,-2.3461573,-2.5061572,-2.3661573,-1.7461572,-0.5861572,1.0538428,2.4938428,3.3138428,3.9738429,2.6038427,1.7638428,1.6838428,0.6038428,-0.3861572,-0.6361572,-0.6261572,-0.5861572,-0.5861572,-0.17615722,0.10384277,0.47384277,1.5738428,1.5738428,1.9038428
-0.85615724,-0.7561572,-0.67615724,-1.0661572,-2.2061572,-2.9761572,-2.4961572,-2.7161572,-1.6161572,-1.9961572,-3.4061573,-3.2761571,-2.8761573,-3.0261571,-3.306157,-3.4361572,-3.1861572,-3.3561573,-3.5261571,-3.1561573,-3.306157,-3.5761573,-3.4461572,-2.9961572,-2.7761571,-2.6561573,-2.556157,-2.5361571,-2.5861573,-2.1561573,-1.3861573,-0.9361572,-3.2061572,-3.3661573,-3.6761572,-3.9261572,-0.42615724,2.7138429,2.0938427,1.2038428,1.4738427,1.5738428,3.7538428,3.3738427,2.1638427,0.47384277,-0.49615723,-0.9661572,-0.7161572,-0.3861572,-0.9461572,-1.2661573,-0.98615724,-0.06615723,0.40384278,0.7538428,1.3038428
