windJs/11.json
{"header": {"discipline":0,"disciplineName":"Meteorological products","gribEdition":2,"gribLength":74198,"center":7,"centerName":"US National Weather Service - NCEP(WMC)","subcenter":0,"refTime":"2018-08-01T06:00:00.000Z","significanceOfRT":1,"significanceOfRTName":"Start of forecast","productStatus":0,"productStatusName":"Operational products","productType":1,"productTypeName":"Forecast products","productDefinitionTemplate":0,"productDefinitionTemplateName":"Analysis/forecast at horizontal level/layer at a point in time","parameterCategory":2,"parameterCategoryName":"Momentum","parameterNumber":2,"parameterNumberName":"U-component_of_wind","parameterUnit":"m.s-1","genProcessType":2,"genProcessTypeName":"Forecast","forecastTime":0,"surface1Type":103,"surface1TypeName":"Specified height level above ground","surface1Value":10.0,"surface2Type":255,"surface2TypeName":"Missing","surface2Value":0.0,"gridDefinitionTemplate":0,"gridDefinitionTemplateName":"Latitude_Longitude","numberPoints":65160,"shape":6,"shapeName":"Earth spherical with radius of 6,371,229.0 m","gridUnits":"degrees","resolution":48,"winds":"true","scanMode":0,"nx":360,"ny":181,"basicAngle":0,"lo1":0.0,"la1":90.0,"lo2":359.0,"la2":-90.0,"dx":1.0,"dy":1.0}, "data":
[rows 78 to 103 of 181, columns 295 to 353 of 360]
-8.152395,-7.452395,-7.032395,-8.4123955,-8.092395,-8.112395,-8.552395,-8.842395,-8.962395,-8.742395,-8.872395,-7.9023952,-7.712395,-7.442395,-7.352395,-7.712395,-7.642395,-7.4023952,-6.822395,-6.512395,-6.802395,-6.6523952,-6.552395,-6.062395,-5.6523952,-5.332395,-5.252395,-4.852395,-4.132395,-3.832395,-3.512395,-3.112395,-2.632395,-2.372395,-1.912395,-1.322395,-0.732395,0.08760498,0.837605,1.687605,2.267605,1.937605,2.147605,2.517605,2.7276049,4.037605,3.497605,4.127605,4.0976048,2.577605,0.41760498,0.547605,0.07760498,1.197605,1.257605,1.1676049,1.887605,2.827605,1.717605
-7.132395,-4.892395,-5.442395,-6.512395,-8.132395,-6.952395,-8.552395,-9.142395,-9.392395,-8.532395,-8.822395,-7.942395,-7.4023952,-6.802395,-7.052395,-7.302395,-7.712395,-7.572395,-7.322395,-7.122395,-6.802395,-6.602395,-6.322395,-6.002395,-5.502395,-5.252395,-5.1523952,-4.642395,-4.382395,-3.822395,-3.542395,-3.042395,-2.492395,-2.052395,-1.492395,-0.912395,-0.18239503,0.617605,0.81760496,1.207605,1.637605,1.847605,1.677605,1.757605,2.767605,2.937605,3.357605,3.177605,2.927605,3.557605,1.587605,-0.21239501,-0.44239503,1.247605,1.4176049,1.737605,2.417605,2.197605,2.297605
-1.362395,-1.912395,0.14760499,-5.542395,-5.722395,-6.312395,-8.362395,-8.242395,-8.782395,-8.922395,-7.292395,-7.9023952,-6.752395,-6.442395,-6.882395,-7.552395,-8.192395,-7.942395,-7.542395,-7.352395,-6.952395,-6.662395,-6.182395,-5.752395,-5.392395,-5.042395,-4.982395,-5.812395,-5.712395,-4.382395,-3.472395,-2.982395,-2.7823951,-2.132395,-1.442395,-1.172395,-0.11239502,0.797605,1.107605,1.2776049,1.347605,1.967605,1.547605,1.2876049,2.367605,2.627605,2.237605,1.957605,2.2276049,2.417605,1.9176049,0.477605,0.16760498,1.047605,2.407605,2.237605,2.277605,1.607605,1.447605
-2.262395,-3.452395,-1.672395,-0.952395,-0.712395,-5.392395,-5.342395,-7.382395,-6.702395,-7.002395,-6.322395,-6.762395,-6.612395,-6.222395,-6.392395,-6.602395,-6.342395,-6.422395,-6.442395,-6.342395,-6.442395,-6.542395,-6.702395,-5.842395,-4.4023952,-3.732395,-2.662395,0.15760498,1.297605,1.317605,0.94760495,2.767605,3.937605,2.127605,4.047605,4.0976048,3.737605,2.947605,1.997605,2.647605,2.777605,2.867605,2.777605,2.687605,1.887605,1.217605,0.917605,1.017605,1.477605,1.187605,0.597605,0.27760497,-1.252395,-0.68239504,0.647605,1.087605,1.237605,1.207605,1.327605
-5.072395,-1.9723951,-1.702395,-1.202395,0.07760498,-0.282395,-2.7723951,-5.242395,-5.6523952,-6.392395,-5.992395,-5.982395,-6.212395,-4.892395,-4.202395,-4.242395,-4.352395,-4.472395,-4.842395,-4.412395,-3.462395,-2.862395,-2.2723951,-1.812395,-1.912395,-0.26239502,-0.10239502,-0.33239502,0.517605,0.13760498,0.967605,2.457605,3.707605,4.617605,4.677605,4.587605,4.267605,4.177605,3.797605,3.537605,3.4676049,2.907605,1.207605,0.317605,0.20760497,-0.13239501,-0.10239502,-0.07239502,0.62760496,0.21760498,-0.272395,-0.69239503,-0.952395,-0.672395,-0.0023950196,0.617605,1.127605,1.687605,0.577605
0.27760497,0.24760498,-1.102395,-0.42239502,-0.48239502,-0.17239502,-0.09239502,-5.532395,-5.772395,-6.502395,-6.332395,-5.492395,-5.082395,-4.412395,-4.442395,-4.042395,-3.832395,-3.592395,-3.252395,-2.732395,-2.452395,-2.602395,-2.2823951,-1.902395,-2.182395,-1.602395,-1.252395,-1.012395,-1.172395,-0.33239502,0.27760497,1.697605,2.697605,3.027605,2.987605,2.767605,3.137605,3.127605,2.767605,2.147605,1.447605,0.45760497,-0.602395,-0.972395,-1.0823951,-1.152395,-1.312395,-0.722395,-0.602395,-0.732395,-0.45239502,-0.962395,-1.022395,-0.782395,-0.75239503,0.06760498,0.587605,0.93760496,0.677605
0.15760498,-1.862395,-0.30239502,-0.55239505,-0.22239502,0.22760499,0.13760498,-0.69239503,-4.682395,-6.162395,-4.522395,-5.272395,-4.992395,-5.442395,-4.982395,-5.112395,-4.362395,-3.832395,-3.622395,-3.562395,-3.812395,-3.382395,-3.292395,-3.082395,-2.912395,-2.752395,-2.352395,-2.212395,-1.9623951,-1.482395,-0.702395,0.15760498,1.217605,1.9176049,1.487605,0.967605,1.317605,1.517605,0.88760495,0.737605,0.22760499,-0.45239502,-1.522395,-2.442395,-2.062395,-2.172395,-1.952395,-1.302395,-1.482395,-1.742395,-1.112395,-1.282395,-1.412395,-1.4723951,-1.0823951,-0.662395,0.13760498,0.377605,0.75760496
-0.402395,-0.272395,-0.782395,-0.662395,-0.402395,-1.052395,0.737605,-0.0023950196,-0.972395,-0.712395,-1.262395,-0.792395,-0.33239502,-4.722395,-6.012395,-5.702395,-5.292395,-5.242395,-5.162395,-5.002395,-4.572395,-4.262395,-4.372395,-4.182395,-3.902395,-3.742395,-3.582395,-3.372395,-3.202395,-2.7723951,-2.142395,-1.442395,-0.39239502,0.287605,-0.272395,-0.702395,-0.50239503,-0.19239502,-0.532395,-0.93239504,-1.062395,-1.702395,-2.542395,-2.7823951,-3.012395,-3.0223951,-2.672395,-2.232395,-2.172395,-1.742395,-1.862395,-1.812395,-1.862395,-1.642395,-1.352395,-1.252395,-0.832395,0.22760499,0.787605
-0.16239502,0.62760496,-0.24239501,-0.122395016,-0.48239502,-0.792395,-0.56239504,-0.15239502,-0.572395,-0.462395,-0.87239504,-0.832395,-0.68239504,-0.55239505,-4.672395,-6.492395,-6.062395,-5.912395,-6.062395,-5.702395,-5.342395,-5.412395,-5.232395,-4.972395,-4.742395,-4.782395,-4.762395,-4.572395,-4.232395,-3.752395,-3.172395,-2.432395,-1.882395,-1.792395,-1.662395,-1.772395,-1.792395,-1.822395,-2.162395,-2.572395,-2.432395,-2.7723951,-3.372395,-3.682395,-4.082395,-3.952395,-3.572395,-3.052395,-2.992395,-1.992395,-1.392395,-2.342395,-2.372395,-2.2823951,-1.9623951,-1.802395,-1.522395,-0.762395,0.16760498
-0.13239501,-0.45239502,0.29760498,0.23760498,-0.23239502,-2.602395,-0.782395,-0.99239504,-1.062395,-0.632395,-0.87239504,-0.47239503,-1.052395,-0.592395,-1.912395,-7.072395,-7.192395,-7.092395,-6.792395,-6.4023952,-6.142395,-6.132395,-6.102395,-5.742395,-5.542395,-5.442395,-5.302395,-4.972395,-4.582395,-4.332395,-3.982395,-3.592395,-3.172395,-2.952395,-2.7723951,-2.732395,-2.922395,-3.202395,-3.432395,-3.632395,-3.472395,-3.632395,-4.082395,-4.732395,-4.582395,-4.872395,-4.342395,-3.592395,-2.992395,-3.112395,-2.092395,-1.912395,-2.882395,-2.732395,-2.702395,-2.702395,-2.662395,-2.112395,-1.512395
-0.68239504,-0.592395,-0.372395,0.27760497,-0.10239502,-0.592395,-0.662395,-0.832395,-0.80239505,-2.012395,-0.762395,-0.56239504,-0.912395,-0.542395,-0.16239502,-7.612395,-7.822395,-7.772395,-7.332395,-6.792395,-6.732395,-6.932395,-6.842395,-6.592395,-6.252395,-6.062395,-5.982395,-5.732395,-5.272395,-4.972395,-4.582395,-4.342395,-4.182395,-3.902395,-3.792395,-3.7823951,-4.002395,-4.232395,-4.392395,-4.452395,-4.332395,-3.982395,-4.512395,-5.362395,-5.222395,-5.002395,-4.542395,-4.322395,-3.352395,-2.932395,-3.582395,-1.942395,-3.302395,-3.512395,-3.5323951,-3.502395,-3.2823951,-3.212395,-2.982395
-0.86239505,0.0076049804,-0.05239502,-0.03239502,0.29760498,0.15760498,-0.56239504,-0.68239504,-0.892395,-0.982395,-0.75239503,-0.832395,-0.972395,-0.62239504,-0.902395,-4.6523952,-8.462395,-8.132395,-7.732395,-7.242395,-7.082395,-7.272395,-7.382395,-7.352395,-7.072395,-6.782395,-6.6523952,-6.432395,-6.092395,-5.712395,-5.442395,-5.092395,-4.832395,-4.632395,-4.712395,-4.702395,-4.932395,-4.972395,-4.922395,-4.9023952,-4.882395,-4.712395,-4.872395,-5.192395,-5.882395,-5.182395,-5.012395,-4.732395,-4.162395,-3.372395,-3.182395,-3.952395,-2.932395,-4.082395,-4.322395,-4.102395,-3.702395,-3.882395,-3.402395
-0.26239502,-0.07239502,-0.342395,-0.11239502,-0.832395,-0.912395,-0.80239505,-1.042395,-1.052395,-0.792395,-0.882395,-0.18239503,-0.39239502,-0.402395,-3.152395,-3.2823951,-9.002395,-8.632395,-7.832395,-7.672395,-7.332395,-7.412395,-7.842395,-7.992395,-7.702395,-7.492395,-7.192395,-6.982395,-6.672395,-6.532395,-6.262395,-6.072395,-5.742395,-5.372395,-5.202395,-5.282395,-5.472395,-5.222395,-5.012395,-4.972395,-5.282395,-5.1523952,-5.072395,-4.862395,-5.432395,-5.432395,-5.262395,-4.522395,-4.212395,-3.712395,-3.722395,-3.932395,-4.532395,-4.432395,-4.302395,-4.632395,-4.292395,-4.272395,-4.562395
-0.532395,-0.372395,-0.21239501,-0.21239501,-0.522395,-0.922395,-0.74239504,-0.852395,-0.662395,-0.902395,-0.702395,-0.75239503,-0.44239503,-0.432395,-1.182395,-0.882395,-1.932395,-1.172395,-1.2223951,-6.972395,-7.282395,-7.362395,-7.942395,-8.212395,-8.442395,-7.742395,-7.432395,-7.252395,-7.022395,-6.932395,-6.942395,-6.512395,-6.282395,-6.082395,-6.082395,-5.912395,-5.702395,-5.502395,-5.282395,-5.102395,-5.322395,-5.472395,-5.372395,-5.252395,-5.232395,-4.812395,-4.602395,-4.322395,-3.902395,-3.732395,-3.662395,-4.092395,-4.542395,-4.352395,-4.572395,-4.232395,-4.542395,-4.532395,-5.062395
-0.642395,-0.55239505,-0.16239502,-0.042395018,0.18760498,-0.662395,-0.532395,-0.882395,-0.48239502,-0.21239501,-0.55239505,-1.062395,-0.75239503,-0.652395,-0.80239505,-0.94239503,-1.202395,-1.032395,-1.412395,-1.142395,-0.87239504,-8.052395,-8.402395,-8.462395,-8.402395,-8.522395,-7.832395,-7.292395,-6.942395,-6.672395,-6.532395,-5.832395,-6.122395,-5.832395,-5.812395,-5.632395,-5.562395,-5.572395,-5.9023952,-5.752395,-5.632395,-5.622395,-5.352395,-5.752395,-5.732395,-5.122395,-4.882395,-5.162395,-4.482395,-4.1523952,-3.872395,-4.692395,-4.6523952,-4.482395,-5.482395,-4.502395,-4.972395,-5.042395,-5.392395
-0.632395,-0.39239502,-0.042395018,0.30760497,0.35760498,-0.22239502,-1.002395,-0.712395,-0.41239503,-0.11239502,0.16760498,-0.572395,-0.19239502,-0.492395,-0.892395,-0.702395,-0.87239504,-0.81239504,-0.722395,-0.69239503,-0.842395,-1.032395,-1.262395,-2.512395,-2.882395,-3.932395,-8.4123955,-7.232395,-8.732395,-7.172395,-6.412395,-5.432395,-6.242395,-5.462395,-5.332395,-5.432395,-5.682395,-5.972395,-6.252395,-6.082395,-5.912395,-5.782395,-5.702395,-5.642395,-5.682395,-5.362395,-5.482395,-5.162395,-5.072395,-4.592395,-4.322395,-5.022395,-5.102395,-4.592395,-5.512395,-5.292395,-5.322395,-5.622395,-5.782395
-0.03239502,-0.312395,-0.0023950196,0.18760498,-0.25239503,-0.33239502,-0.30239502,-0.41239503,-0.18239503,0.32760498,-0.19239502,-0.462395,-0.312395,-0.06239502,-0.99239504,-0.902395,-0.632395,-0.882395,-0.56239504,-0.61239505,-0.952395,-0.832395,-0.772395,-1.412395,-3.192395,-1.672395,-1.3423951,-7.482395,-10.602395,-8.852395,-8.062395,-7.342395,-7.062395,-6.372395,-5.452395,-5.682395,-5.872395,-5.892395,-6.352395,-6.182395,-6.022395,-5.602395,-5.752395,-5.492395,-5.592395,-5.352395,-5.772395,-5.592395,-5.322395,-4.712395,-4.682395,-4.952395,-5.712395,-4.842395,-5.712395,-6.092395,-5.832395,-6.432395,-6.292395
0.07760498,-0.39239502,-0.042395018,0.377605,-0.0023950196,-0.02239502,-0.06239502,-0.282395,-0.22239502,0.16760498,-0.10239502,-0.462395,-0.29239503,-0.882395,-1.142395,-0.24239501,-0.572395,-1.172395,-0.572395,-0.36239502,-0.44239503,-0.45239502,-0.01239502,-0.462395,-1.852395,-3.332395,-1.632395,-2.082395,-5.202395,-5.782395,-7.202395,-7.262395,-6.062395,-6.532395,-6.412395,-6.582395,-6.482395,-6.522395,-6.242395,-6.192395,-6.072395,-5.942395,-5.272395,-5.272395,-5.582395,-5.592395,-5.832395,-5.932395,-5.372395,-5.122395,-4.562395,-5.002395,-5.6523952,-5.292395,-5.962395,-6.312395,-6.292395,-6.502395,-6.572395
-0.23239502,-0.24239501,-0.08239502,0.30760497,0.467605,-0.03239502,-0.11239502,-0.24239501,0.08760498,-0.18239503,-0.342395,-0.15239502,-0.512395,-0.792395,-0.24239501,-0.62239504,-0.972395,-1.272395,-0.94239503,-0.522395,-0.21239501,-0.732395,-0.342395,-1.3323951,-3.322395,-2.432395,-3.232395,-2.712395,-2.662395,-1.7223951,-4.122395,-7.422395,-7.072395,-6.372395,-6.472395,-6.802395,-6.492395,-6.112395,-6.132395,-5.932395,-5.772395,-5.522395,-5.782395,-5.492395,-5.162395,-5.372395,-5.772395,-5.972395,-5.622395,-5.392395,-4.192395,-4.812395,-5.602395,-5.512395,-6.082395,-6.362395,-6.422395,-6.722395,-6.612395
0.04760498,-0.39239502,-0.29239503,0.04760498,-0.03239502,0.04760498,0.38760498,-0.07239502,-0.42239502,-0.50239503,-0.42239502,-0.16239502,-0.852395,-0.39239502,-0.44239503,-0.582395,-0.702395,-0.772395,-0.632395,-0.632395,-0.87239504,-1.422395,-2.102395,-2.512395,-1.9723951,-2.472395,-0.20239502,-0.38239503,-6.792395,-2.472395,-0.882395,-7.102395,-6.912395,-6.752395,-6.692395,-6.772395,-6.582395,-5.982395,-5.502395,-5.642395,-5.532395,-5.302395,-5.682395,-5.832395,-5.462395,-5.072395,-5.602395,-6.252395,-5.842395,-4.812395,-4.802395,-4.262395,-5.342395,-5.622395,-6.032395,-6.292395,-6.412395,-6.512395,-6.632395
0.20760497,-0.532395,0.30760497,-0.93239504,0.347605,0.02760498,-0.03239502,-0.36239502,-1.042395,-0.81239504,-0.74239504,-0.652395,-0.042395018,-0.62239504,-0.61239505,0.847605,-0.05239502,-1.142395,-1.742395,-0.16239502,-0.492395,-0.74239504,-2.382395,-2.472395,-4.292395,-2.792395,-3.042395,-2.362395,-2.052395,-0.402395,-0.38239503,-7.142395,-7.062395,-6.702395,-6.562395,-6.612395,-6.362395,-5.822395,-5.732395,-5.242395,-5.352395,-5.272395,-6.052395,-5.882395,-6.052395,-5.362395,-5.572395,-6.092395,-5.422395,-5.072395,-4.862395,-4.302395,-5.012395,-5.292395,-5.612395,-6.132395,-6.422395,-6.482395,-6.612395
0.39760497,0.287605,-0.282395,-0.23239502,-0.042395018,-0.03239502,-0.762395,-0.602395,-0.48239502,-0.832395,-1.2123951,-0.25239503,-0.702395,-0.44239503,-0.672395,0.657605,-0.492395,-1.042395,-1.792395,-0.68239504,0.36760497,-0.372395,-3.192395,-5.622395,-6.012395,-5.802395,-6.332395,-2.632395,-1.652395,-0.25239503,-5.682395,-7.312395,-7.252395,-6.632395,-6.882395,-6.822395,-6.852395,-6.272395,-5.922395,-5.602395,-5.522395,-5.482395,-6.022395,-6.132395,-6.082395,-6.302395,-5.802395,-5.442395,-5.312395,-5.332395,-4.942395,-5.192395,-4.912395,-5.042395,-5.292395,-6.302395,-6.262395,-6.262395,-6.262395
-0.08239502,-0.272395,-0.122395016,-0.03239502,-0.13239501,-0.02239502,-0.26239502,-0.25239503,-0.81239504,-1.3323951,-1.7123951,-0.792395,0.26760498,-0.30239502,0.20760497,-0.41239503,0.18760498,-0.32239503,-0.432395,-1.622395,-1.012395,-1.982395,-2.432395,-1.852395,-1.612395,-1.822395,-4.732395,-1.862395,-1.8323951,-3.092395,-6.922395,-6.962395,-7.322395,-6.922395,-6.822395,-7.202395,-7.362395,-7.102395,-6.752395,-6.582395,-6.072395,-6.162395,-6.522395,-6.572395,-6.462395,-7.032395,-6.372395,-5.512395,-5.892395,-5.602395,-5.582395,-5.392395,-5.272395,-5.142395,-4.092395,-6.642395,-7.052395,-6.932395,-6.322395
-0.61239505,-0.672395,0.48760498,-1.042395,-0.15239502,0.26760498,-0.03239502,-0.26239502,-0.782395,-0.272395,-1.272395,-0.732395,-0.882395,-0.18239503,0.49760497,-0.13239501,0.07760498,-0.882395,-1.282395,-0.532395,-1.0923951,-2.262395,-7.242395,-5.812395,-3.362395,-0.45239502,-1.372395,-1.732395,-3.932395,-6.032395,-6.862395,-7.112395,-7.242395,-7.252395,-7.072395,-7.392395,-7.732395,-7.222395,-7.462395,-7.642395,-7.552395,-7.272395,-7.312395,-7.142395,-6.892395,-6.762395,-7.122395,-6.292395,-6.862395,-6.692395,-6.212395,-6.352395,-5.472395,-4.912395,-5.042395,-6.752395,-7.4023952,-7.302395,-6.622395
0.16760498,-0.87239504,0.677605,0.707605,-0.762395,-0.26239502,0.63760495,0.07760498,-0.48239502,0.07760498,-1.132395,-0.592395,-1.022395,-0.832395,0.17760497,-0.05239502,0.907605,-0.922395,-0.902395,-1.272395,0.41760498,-2.672395,-2.202395,-2.122395,-1.542395,-0.712395,-1.412395,-0.39239502,-5.802395,-6.222395,-6.852395,-6.952395,-6.922395,-6.912395,-7.122395,-7.342395,-7.872395,-7.272395,-7.242395,-7.972395,-8.452395,-8.372395,-8.012395,-7.852395,-8.002395,-7.462395,-7.012395,-7.1523952,-7.162395,-7.132395,-7.172395,-6.732395,-6.292395,-5.472395,-4.992395,-6.962395,-7.592395,-7.452395,-6.592395
-0.822395,-0.02239502,-0.462395,-0.20239502,-0.572395,-0.402395,0.41760498,-1.122395,-0.272395,-0.272395,-0.822395,-0.592395,-0.662395,-0.782395,0.05760498,-0.93239504,0.32760498,0.44760498,-1.512395,-1.552395,0.20760497,-1.022395,-2.932395,-1.772395,0.527605,-1.692395,0.38760498,-5.172395,-5.832395,-5.942395,-6.472395,-6.452395,-6.6523952,-6.462395,-6.1523952,-6.822395,-7.852395,-7.1523952,-7.362395,-8.372395,-8.942395,-8.9123955,-8.582395,-8.242395,-8.262395,-8.842395,-8.142395,-7.452395,-7.272395,-7.532395,-7.692395,-7.792395,-6.502395,-6.132395,-6.742395,-7.122395,-7.322395,-7.042395,-6.612395
