windJs/11.json
{"header": {"discipline":0,"disciplineName":"Meteorological products","gribEdition":2,"gribLength":74239,"center":7,"centerName":"US National Weather Service - NCEP(WMC)","subcenter":0,"refTime":"2018-08-01T06:00:00.000Z","significanceOfRT":1,"significanceOfRTName":"Start of forecast","productStatus":0,"productStatusName":"Operational products","productType":1,"productTypeName":"Forecast products","productDefinitionTemplate":0,"productDefinitionTemplateName":"Analysis/forecast at horizontal level/layer at a point in time","parameterCategory":2,"parameterCategoryName":"Momentum","parameterNumber":3,"parameterNumberName":"V-component_of_wind","parameterUnit":"m.s-1","genProcessType":2,"genProcessTypeName":"Forecast","forecastTime":0,"surface1Type":103,"surface1TypeName":"Specified height level above ground","surface1Value":10.0,"surface2Type":255,"surface2TypeName":"Missing","surface2Value":0.0,"gridDefinitionTemplate":0,"gridDefinitionTemplateName":"Latitude_Longitude","numberPoints":65160,"shape":6,"shapeName":"Earth spherical with radius of 6,371,229.0 m","gridUnits":"degrees","resolution":48,"winds":"true","scanMode":0,"nx":360,"ny":181,"basicAngle":0,"lo1":0.0,"la1":90.0,"lo2":359.0,"la2":-90.0,"dx":1.0,"dy":1.0}, "data":
[rows 52 to 77 of 181, columns 177 to 235 of 360]
1.0102612,0.51026124,0.7302612,4.6902614,4.4402614,3.7102613,2.9002612,2.2502613,2.9302611,4.260261,4.010261,3.5302613,3.8502612,3.5202613,2.8102612,2.5502613,2.5502613,2.1602612,1.3702612,0.6002612,-0.35973877,-1.2597388,-1.9997388,-2.0997388,-1.8997388,-3.3397388,-3.1897388,1.0402613,1.7902613,1.3102612,1.4402612,0.7302612,0.9002612,-0.5797388,-0.9797388,-1.3697388,-1.7497388,-2.2497387,-3.6897388,-3.7197387,-5.399739,-5.549739,-5.1897388,-5.469739,-5.5797386,-5.5197387,-5.8897386,-6.149739,-5.569739,-5.7697387,-5.7897387,-5.7497387,-6.049739,-5.9997387,-6.489739,-6.799739,-7.1397386,-7.719739,-9.439739
1.0302613,0.24026123,2.4902613,3.1002612,2.4202611,1.3602612,1.0502613,2.4402611,3.8402612,3.4402611,3.1402612,2.4002612,2.4902613,2.4302611,2.4902613,2.5902612,2.3402612,1.8202612,1.2402612,0.35026124,-0.49973878,-1.2997388,-1.8297387,-1.5597388,-1.0697387,-0.6397388,-0.24973877,0.33026123,-0.03973877,-0.45973876,0.74026126,0.35026124,-0.48973876,-1.5597388,-1.7197387,-1.6297388,-2.3997388,-3.4597387,-3.6097388,-4.8497386,-5.6197386,-5.679739,-5.899739,-5.8697386,-5.8297386,-5.8297386,-6.089739,-5.9997387,-5.989739,-5.969739,-6.089739,-5.569739,-5.7697387,-5.669739,-6.1597385,-6.879739,-7.429739,-8.129739,-9.069738
1.3902612,0.82026124,0.62026125,0.68026125,-0.5997388,-0.01973877,0.89026123,3.4802613,3.2402613,2.9902613,2.4902613,2.0702612,1.9502612,2.200261,2.2402613,1.9602612,1.4602612,1.0002612,0.9102612,0.28026122,-0.20973878,-0.31973878,-0.38973877,-0.32973877,-0.20973878,-0.01973877,0.100261234,-0.33973876,-0.8297388,0.23026124,-0.5997388,0.19026123,-1.5597388,-2.2197387,-2.3797388,-2.5897388,-3.3697388,-3.5197387,-4.1197386,-5.169739,-5.569739,-5.9397388,-5.9097385,-5.5597386,-5.5397387,-5.8697386,-5.8897386,-5.9097385,-6.339739,-6.259739,-6.2097387,-6.089739,-5.5597386,-5.449739,-5.879739,-6.629739,-8.059739,-8.899738,-8.749739
0.39026123,-0.23973876,-0.32973877,-0.7097388,-0.31973878,-0.75973874,3.6602612,2.700261,1.9602612,1.6002612,1.1902612,1.4102613,1.6202612,1.6602613,1.8002613,1.2502612,0.6102612,0.69026124,0.76026124,0.30026123,-0.24973877,-0.67973876,-0.92973876,-0.7897388,-0.19973877,-0.05973877,-0.15973876,-0.79973876,-1.1797388,-0.23973876,-0.47973877,-0.5197388,-1.5997387,-2.7897387,-3.0197387,-3.6797388,-3.6997387,-3.5297387,-2.7897387,-2.9497387,-3.8697388,-4.549739,-5.219739,-5.359739,-5.589739,-5.799739,-5.9997387,-6.0997386,-6.0197387,-6.109739,-5.819739,-5.719739,-5.4797387,-5.9797387,-5.9397388,-6.899739,-7.569739,-7.9097385,-8.709739
-0.16973877,-0.79973876,-0.9697388,-1.3297387,-1.3297387,0.14026123,1.5802612,0.89026123,0.76026124,0.6102612,0.55026126,1.2102612,1.6702613,1.5802612,1.4602612,1.1302612,0.40026122,-0.04973877,-0.24973877,-0.66973877,-0.99973875,-0.91973877,-0.44973877,0.34026122,0.9602612,0.12026123,0.20026124,-0.46973878,-0.37973878,-0.38973877,-1.1997387,-0.68973875,-1.7697388,-2.5597389,-3.4197388,-4.339739,-3.4797387,-2.9397388,-2.7297387,-3.2897387,-3.9097388,-4.5397387,-4.8697386,-5.509739,-6.0197387,-6.149739,-6.049739,-6.469739,-6.029739,-5.929739,-5.509739,-5.9597387,-6.0797386,-6.379739,-7.219739,-7.4997387,-7.759739,-7.819739,-7.4797387
-0.47973877,-1.1597388,-1.5597388,-1.8897388,-1.4697387,-0.11973877,-0.17973877,2.6123048E-4,0.5202612,0.5202612,0.7902612,1.3002613,1.3302612,1.5002612,1.3102612,1.1502613,0.25026122,-0.37973878,-0.68973875,-0.7797388,-0.42973876,0.06026123,0.82026124,1.1602613,1.4502612,1.5802612,0.5902612,-0.21973877,-1.2697388,-1.2997388,-1.6297388,-1.1597388,-1.5797387,-2.6197388,-3.049739,-3.1197388,-2.4197388,-2.6297388,-2.9697387,-3.3697388,-3.9297388,-4.089739,-4.8497386,-5.429739,-5.859739,-6.109739,-6.179739,-5.989739,-5.7097387,-5.609739,-5.6197386,-5.969739,-6.379739,-6.799739,-7.339739,-7.489739,-7.359739,-7.0797386,-7.6197386
-0.75973874,-1.3697388,-1.7797388,-1.9597387,-1.0997387,-0.68973875,-1.2897388,-1.2897388,0.13026123,0.7702612,2.3002613,1.3502612,1.5302613,1.5502613,1.3902612,1.0502613,0.93026125,0.18026122,-0.55973876,-0.12973876,0.31026122,1.2502612,1.5702612,1.7102612,2.0402613,1.2702613,0.46026123,-0.21973877,-1.0697387,-1.7097387,-1.5897387,-1.9797387,-1.6597388,-2.5997388,-3.4397388,-3.5597389,-2.8297389,-2.9197388,-2.7297387,-3.5297387,-3.4097388,-4.1397386,-5.0597386,-5.5997386,-5.759739,-5.899739,-6.029739,-5.569739,-5.2697387,-5.3297386,-5.6397386,-5.929739,-6.319739,-6.919739,-7.2097387,-7.089739,-6.8297386,-6.679739,-7.379739
-0.49973878,-1.1997387,-1.6397388,-1.0997387,-1.1397388,-1.6997387,-2.1797388,-1.4897388,0.30026123,1.3902612,1.2802613,0.57026124,0.30026123,0.68026125,1.2402612,1.3502612,0.88026124,0.69026124,0.31026122,0.63026124,1.2102612,1.7202612,2.2302613,2.0102613,1.7602612,1.1602613,0.35026124,-0.40973878,-1.0197388,-1.3297387,-1.1497388,-1.4997388,-1.6397388,-1.5097388,-2.6097388,-2.5297387,-2.1097388,-2.6497388,-3.4597387,-3.9097388,-3.7597387,-4.239739,-4.6397386,-5.0597386,-5.339739,-5.489739,-5.799739,-4.929739,-4.9097385,-5.3297386,-5.609739,-5.9097385,-6.2097387,-6.529739,-6.6597385,-6.5197387,-6.3497386,-6.2297387,-6.7497387
-0.39973876,-0.9797388,-1.6597388,-1.8197387,-1.9197388,-2.4497387,-2.4497387,-1.8997388,-0.5397388,0.9802612,1.1202612,0.80026126,0.82026124,1.0602612,1.3502612,0.43026122,0.36026123,0.44026124,0.6602612,0.9202612,1.2802613,1.8202612,1.7602612,1.8502612,2.0702612,1.4802612,0.32026124,-0.56973875,-1.0797387,-1.2697388,-1.2897388,-1.3297387,-1.6397388,-1.8797388,-2.1397388,-2.6797388,-3.2697387,-3.299739,-3.6597388,-3.7097387,-3.9297388,-3.8797388,-4.199739,-4.989739,-4.8297386,-4.1597385,-4.7697387,-5.089739,-5.3897386,-5.429739,-5.4997387,-5.6397386,-5.899739,-6.149739,-6.069739,-6.0797386,-6.049739,-6.0797386,-6.4997387
-0.7697388,-1.4397388,-1.6197388,-2.0597389,-1.9397388,-2.4497387,-2.5997388,-2.0997388,-1.2797388,0.14026123,0.81026125,0.95026124,1.1802613,1.7802613,1.8702612,1.8102612,0.89026123,0.8502612,1.2602612,0.82026124,1.1202612,1.4502612,1.3402612,1.7602612,1.8702612,1.4202613,0.76026124,-0.32973877,-1.2497388,-1.5697387,-1.6697388,-1.7197387,-1.8697388,-2.1097388,-2.4597387,-3.1197388,-3.8397388,-4.3697386,-4.2897387,-4.009739,-4.3497386,-4.5597386,-4.6597385,-4.6897388,-4.7097387,-4.8897386,-5.089739,-5.1897388,-5.3497386,-5.2497387,-5.2697387,-5.3697386,-5.5797386,-5.759739,-5.629739,-5.669739,-5.7497387,-5.6597385,-5.899739
-1.4497387,-1.7697388,-1.2797388,-0.73973876,-1.2197387,-1.7297387,-2.0697389,-2.3597388,-2.1297388,-0.9797388,0.26026124,1.0702612,1.6702613,2.5802612,2.9402611,3.1402612,2.6302612,2.8702612,1.2102612,0.87026125,1.2902613,1.3202612,1.9602612,2.2602613,1.8302612,0.9002612,0.01026123,-0.60973877,-0.7897388,-1.0797387,-1.4897388,-1.8497387,-2.1297388,-2.5597389,-3.1397388,-3.1997387,-3.0997388,-3.7897387,-4.069739,-4.359739,-4.4397388,-4.6397386,-4.949739,-5.4597387,-5.5597386,-5.4397388,-5.069739,-5.179739,-5.089739,-5.0797386,-5.029739,-5.109739,-5.2897387,-5.379739,-5.3297386,-5.3097386,-5.419739,-5.4397388,-5.4097385
-1.2997388,-0.86973876,-0.46973878,-0.54973876,-0.9697388,-1.8397387,-2.3697388,-2.549739,-2.2497387,-1.3397387,-0.14973877,0.38026124,1.5802612,3.0902612,3.4602613,3.4602613,3.5402613,3.1502612,1.6302612,1.7602612,2.2102613,1.8302612,1.7702613,2.2302613,1.3102612,0.70026124,-0.079738766,-0.6597388,-0.9097388,-1.3497387,-1.7397388,-1.9797387,-2.1097388,-2.5597389,-2.799739,-3.4497387,-4.219739,-2.8697388,-3.9797387,-4.489739,-4.469739,-4.879739,-5.3897386,-5.149739,-4.859739,-5.129739,-5.2097387,-5.049739,-4.8897386,-4.7297387,-4.7097387,-4.7297387,-4.819739,-4.9397388,-4.949739,-4.8097386,-4.8497386,-4.9997387,-5.2097387
-1.3397387,-1.3097388,0.15026122,0.30026123,-0.66973877,-1.5597388,-2.1597388,-2.3497388,-2.3297389,-1.9297388,-1.4097388,-0.75973874,0.68026125,3.4002612,4.370261,3.1302612,1.0702612,-0.73973876,1.1902612,1.5702612,1.5502613,1.7602612,1.7602612,1.4202613,1.4302613,0.5302612,0.45026124,0.06026123,-0.6397388,-1.2897388,-2.0197387,-2.2497387,-2.5197387,-2.8797388,-3.1097388,-3.7897387,-4.469739,-5.299739,-4.8897386,-4.839739,-5.3097386,-5.4997387,-5.549739,-5.4097385,-5.069739,-4.839739,-4.929739,-4.7897387,-4.589739,-4.489739,-4.399739,-4.3097386,-4.419739,-4.5597386,-4.4997387,-4.419739,-4.759739,-4.9397388,-4.629739
-1.3997388,-0.5897388,-0.27973878,-0.009738769,-0.40973878,-0.9797388,-1.5397388,-1.7297387,-1.6397388,-1.5497388,-1.3797388,-0.21973877,1.9402612,3.6202612,3.5202613,3.6502612,3.9802613,3.3002613,2.3902612,0.8502612,-0.21973877,-0.15973876,-0.19973877,0.51026124,1.3002613,0.16026123,2.6123048E-4,-0.05973877,-0.7897388,-1.6497388,-2.2097387,-2.6897388,-3.0797389,-3.3497388,-3.4397388,-3.8797388,-3.299739,-4.799739,-6.1197386,-5.589739,-5.719739,-6.1597385,-5.929739,-5.4597387,-5.169739,-4.8697386,-4.779739,-4.679739,-4.489739,-4.4797387,-4.2097387,-3.9997387,-4.029739,-4.169739,-4.239739,-4.399739,-4.699739,-4.6197386,-4.089739
-1.0397388,-0.5297388,-0.5397388,-0.42973876,-0.55973876,-0.8997388,-1.2697388,-1.2897388,-1.2197387,-1.0197388,-0.31973878,1.5902612,3.0102613,3.2502613,3.6502612,3.9402611,4.1102614,3.1702611,1.0502613,0.27026123,0.25026122,-0.42973876,-0.09973877,1.2102612,0.35026124,0.06026123,-0.39973876,-0.9097388,-1.3397387,-1.6597388,-1.9297388,-2.549739,-3.1197388,-3.4597387,-3.9597387,-3.6697388,-4.049739,-4.7097387,-5.759739,-6.1397386,-6.589739,-6.299739,-5.719739,-5.509739,-5.089739,-4.629739,-4.589739,-4.4997387,-4.359739,-4.299739,-4.179739,-3.8397388,-3.6897388,-3.7897387,-3.8697388,-4.199739,-4.469739,-4.2697387,-3.6197388
-1.1497388,-0.7797388,-0.7897388,-1.0097388,-0.7897388,-1.0497388,-1.6297388,-1.6397388,-1.1097388,-0.26973876,0.34026122,-0.029738769,0.5202612,3.6802611,3.8102612,1.5202613,1.4302613,1.6802613,-0.30973876,-0.15973876,0.42026123,-0.54973876,-0.87973875,0.26026124,0.05026123,-0.40973878,-0.33973876,-0.48973876,-0.8497388,-1.3197387,-1.8897388,-2.0797389,-2.3297389,-2.4997387,-3.2797387,-3.1397388,-4.2097387,-5.2497387,-5.699739,-5.779739,-5.699739,-5.7497387,-5.4097385,-5.0997386,-4.6197386,-4.549739,-4.279739,-3.9697387,-4.049739,-3.9297388,-3.8997388,-3.6597388,-3.5097387,-3.549739,-3.7297387,-4.009739,-4.089739,-3.8897388,-3.3097389
-1.4497387,-1.0397388,-1.3297387,-1.2197387,-1.3197387,-1.3997388,-1.6497388,-0.61973876,0.27026123,1.0002612,1.2402612,0.9002612,2.6702611,2.8702612,0.28026122,-0.46973878,1.0802612,0.40026122,0.45026124,1.2902613,0.31026122,-1.3797388,-2.0697389,-1.2097387,-1.6197388,0.07026123,-0.8497388,-0.35973877,-0.81973875,-1.4997388,-1.5597388,-1.8397387,-2.0197387,-2.3097389,-2.5897388,-3.9497387,-4.649739,-5.149739,-5.3697386,-5.5397387,-5.419739,-4.879739,-4.799739,-4.4797387,-4.259739,-3.9897387,-3.7797387,-3.6097388,-3.6097388,-3.3997388,-3.6197388,-3.5797389,-3.3297389,-3.3497388,-3.7097387,-3.9097388,-3.5997388,-3.3697388,-2.9597387
-0.6597388,-0.9597388,-1.2597388,-1.0097388,-0.29973876,0.12026123,1.3002613,1.6102612,1.9402612,2.3002613,1.5202613,1.8102612,1.9402612,0.75026125,-0.39973876,-0.03973877,-0.40973878,-0.20973878,0.12026123,0.38026124,-0.46973878,-1.6097388,-2.4897387,-4.1897388,-2.1197388,-5.0797386,-3.6397388,1.7502612,-0.009738769,-1.0497388,-1.4697387,-1.4097388,-1.9897388,-2.6197388,-3.5597389,-4.6897388,-4.949739,-5.0797386,-5.0597386,-4.9797387,-4.7297387,-4.1597385,-4.1197386,-4.1597385,-4.2097387,-4.129739,-3.8997388,-3.5297387,-3.3597388,-3.4297388,-3.4097388,-3.5597389,-3.2597387,-3.5997388,-3.6397388,-3.5997388,-3.5997388,-3.2797387,-3.0397387
0.42026123,0.24026123,0.22026123,-0.6597388,-2.7497387,0.37026122,1.0302613,0.16026123,0.9202612,1.7802613,1.3502612,0.27026123,0.100261234,2.6123048E-4,-0.26973876,-0.69973874,-0.14973877,-0.46973878,0.6602612,-0.29973876,-0.73973876,-1.7397388,-2.9497387,-3.1097388,-2.0397387,-0.30973876,-4.6897388,-4.3897386,2.2102613,-1.7197387,-2.2297387,-2.3997388,-2.3097389,-2.9397388,-3.5397387,-4.1597385,-4.429739,-4.339739,-4.4997387,-4.299739,-4.0397387,-3.8797388,-4.1197386,-3.9997387,-3.7697387,-3.9097388,-4.0397387,-3.5097387,-2.6197388,-2.1597388,-2.5097387,-2.6797388,-2.7497387,-3.3297389,-3.2297387,-3.3597388,-3.5297387,-3.5797389,-3.4397388
0.15026122,-0.74973875,-1.5797387,-3.3597388,-2.1697388,-2.3197389,0.26026124,2.3702612,1.9602612,1.4702612,1.9802612,1.7102612,1.0002612,0.57026124,-0.04973877,-0.26973876,-0.31973878,-0.22973877,-1.1097388,-0.5997388,-0.67973876,-1.5497388,-2.6397388,-3.2497387,-1.0597388,1.6802613,0.47026122,1.1202612,-6.359739,-3.7597387,-2.8897388,-2.4397388,-2.2497387,-2.5997388,-3.3797388,-3.9697387,-4.0197387,-4.179739,-4.3297386,-4.089739,-3.8197389,-3.9297388,-4.3497386,-4.5197387,-4.649739,-3.6397388,-2.549739,-2.2497387,-2.2397387,-2.3097389,-2.4497387,-2.4397388,-3.0397387,-3.1397388,-3.1897388,-3.3797388,-3.4897387,-3.5097387,-3.3697388
-0.85973877,-1.8097388,-2.6597388,-3.1697388,-3.9097388,-3.4597387,0.40026122,2.1502612,1.8802612,1.9202613,1.6102612,1.5102612,0.9602612,0.02026123,-0.67973876,-1.3197387,-1.2497388,-1.1997387,-0.5797388,0.05026123,0.32026124,-0.35973877,-1.1697388,-1.8997388,-1.6197388,-0.8397388,-0.93973875,-3.6997387,-5.3097386,-4.719739,-4.1897388,-3.799739,-3.6197388,-3.4397388,-3.4597387,-3.549739,-3.4497387,-3.4197388,-3.3297389,-3.3597388,-3.4197388,-3.6797388,-3.8697388,-3.9397388,-3.5197387,-2.8197389,-2.4797387,-2.2397387,-2.6297388,-3.1297388,-2.9097388,-3.8597388,-3.5397387,-3.3897388,-3.7097387,-3.8897388,-4.0597386,-4.0997386,-3.7597387
-0.6397388,-1.6397388,-2.4097388,-2.3597388,-2.9697387,-1.9697387,1.8902612,3.5002613,2.6002612,2.1402612,1.6702613,1.0602612,0.69026124,2.6123048E-4,-0.85973877,-1.3797388,-1.4797387,-0.8897388,-0.19973877,0.36026123,0.45026124,0.17026123,-0.39973876,-1.1697388,-1.6997387,-1.9397388,-3.3297389,-4.879739,-4.839739,-4.739739,-4.2697387,-3.5997388,-3.4897387,-4.0597386,-3.9997387,-3.8497388,-3.4797387,-3.3297389,-3.4697387,-3.5697389,-3.8097389,-3.9297388,-3.9697387,-3.6997387,-3.3297389,-3.4497387,-3.1797388,-3.5397387,-4.0997386,-4.4997387,-4.4597387,-4.4397388,-3.7497387,-3.4397388,-3.8797388,-4.089739,-4.2697387,-4.2097387,-4.0397387
-0.92973876,-1.6497388,-1.6797388,-1.9297388,-1.7897388,0.07026123,3.8202612,3.0602612,3.0802612,2.4402611,1.7202612,1.2702613,0.29026124,-0.30973876,-1.1597388,-1.9797387,-1.9097388,-1.5597388,-0.39973876,0.51026124,0.9002612,0.76026124,0.21026123,-0.20973878,-1.1797388,-2.7097387,-3.7897387,-4.859739,-5.239739,-5.049739,-4.0197387,-2.0597389,-1.5597388,-2.4597387,-3.3697388,-3.8697388,-3.7597387,-3.6097388,-3.6097388,-3.5697389,-3.7897387,-4.0597386,-4.1397386,-3.9797387,-3.9097388,-3.4897387,-4.319739,-4.569739,-4.3297386,-3.5197387,-2.1797388,-2.5797389,-3.9397388,-4.1897388,-4.2497387,-4.279739,-4.179739,-4.0597386,-4.3097386
0.30026123,-0.38973877,-0.33973876,-1.5097388,-0.50973874,1.2602612,3.0302613,3.7502613,2.7302613,1.6602613,1.8502612,1.6502613,0.35026124,-0.27973878,-1.3097388,-2.1997387,-2.3897388,-2.0397387,-0.42973876,0.25026122,0.69026124,0.82026124,0.76026124,0.30026123,-0.5197388,-1.3897388,-3.0297387,-4.399739,-5.1597385,-5.379739,-3.3097389,1.6602613,0.08026123,-1.2497388,-1.7797388,-2.3897388,-3.3697388,-3.6497388,-3.4697387,-3.5097387,-3.8097389,-3.8497388,-3.9797387,-4.3097386,-4.2297387,-4.429739,-4.799739,-3.1597388,-1.5097388,-0.8897388,-0.8997388,-1.8797388,-2.3397388,-1.8397387,-3.3997388,-3.7497387,-3.5797389,-3.8397388,-4.339739
0.25026122,0.09026123,0.8402612,-0.10973877,-0.27973878,1.6602613,2.4602613,3.9202611,3.700261,2.450261,2.1002612,1.6802613,0.68026125,-0.7197388,-1.6497388,-2.3697388,-3.0597389,-3.0797389,-2.0197387,0.08026123,0.7102612,1.3302612,1.5402613,0.69026124,-0.19973877,-1.0797387,-2.1697388,-3.0297387,-3.9697387,-3.3397388,-0.48973876,1.2002612,0.58026123,-0.5197388,-2.3097389,-2.4597387,-2.9797387,-3.5197387,-3.2297387,-3.1897388,-3.5397387,-3.7397387,-4.0597386,-4.4097385,-4.549739,-4.7897387,-2.8397388,-1.6897388,-1.6497388,-0.86973876,-0.37973878,-0.92973876,-2.1897388,-2.2497387,-2.6497388,-2.9797387,-3.1597388,-3.9297388,-4.549739
-0.5997388,-0.46973878,-0.12973876,-0.27973878,0.24026123,1.3002613,2.3902612,3.6802611,2.8802612,2.8302612,1.7102612,1.2302612,0.64026123,-0.99973875,-1.5297388,-2.1397388,-2.7297387,-3.299739,-2.3597388,-0.5397388,0.42026123,1.2102612,2.2802613,1.7802613,0.08026123,-1.1097388,-1.9397388,-2.2697387,-2.2797387,-1.7497388,-0.80973876,-0.20973878,-0.37973878,-1.0997387,-2.4297388,-3.0697389,-3.3797388,-2.2197387,-2.7397387,-3.3397388,-3.1697388,-3.5197387,-4.009739,-4.4797387,-4.0397387,-3.0297387,-2.6097388,-2.3597388,-1.7797388,0.21026123,1.2702613,0.5302612,-0.7697388,-1.2397388,-1.8497387,-1.2697388,-2.6997387,-4.089739,-4.899739
