windJs/11.json
{"header": {"discipline":0,"disciplineName":"Meteorological products","gribEdition":2,"gribLength":48410,"center":7,"centerName":"US National Weather Service - NCEP(WMC)","subcenter":0,"refTime":"2018-08-01T06:00:00.000Z","significanceOfRT":1,"significanceOfRTName":"Start of forecast","productStatus":0,"productStatusName":"Operational products","productType":1,"productTypeName":"Forecast products","productDefinitionTemplate":0,"productDefinitionTemplateName":"Analysis/forecast at horizontal level/layer at a point in time","parameterCategory":0,"parameterCategoryName":"Temperature","parameterNumber":0,"parameterNumberName":"Temperature","parameterUnit":"K","genProcessType":2,"genProcessTypeName":"Forecast","forecastTime":0,"surface1Type":1,"surface1TypeName":"Ground or water surface","surface1Value":0.0,"surface2Type":255,"surface2TypeName":"Missing","surface2Value":0.0,"gridDefinitionTemplate":0,"gridDefinitionTemplateName":"Latitude_Longitude","numberPoints":65160,"shape":6,"shapeName":"Earth spherical with radius of 6,371,229.0 m","gridUnits":"degrees","resolution":48,"winds":"true","scanMode":0,"nx":360,"ny":181,"basicAngle":0,"lo1":0.0,"la1":90.0,"lo2":359.0,"la2":-90.0,"dx":1.0,"dy":1.0}, "data":
[rows 84 to 111 of 181, columns 189 to 251 of 360]
302.5647,302.4647,302.1647,302.4647,302.2647,302.2647,302.2647,302.2647,302.0647,301.9647,302.4647,302.2647,302.1647,302.0647,301.8647,301.9647,301.9647,302.1647,302.0647,302.2647,302.0647,302.1647,302.1647,302.0647,302.0647,301.7647,301.6647,301.5647,301.5647,301.6647,301.7647,301.7647,301.8647,301.7647,301.7647,301.3647,301.3647,301.2647,301.3647,301.2647,301.2647,301.1647,301.1647,301.2647,301.1647,300.6647,300.7647,300.6647,300.5647,300.6647,300.7647,300.5647,300.7647,300.7647,300.8647,300.8647,300.9647,300.9647,300.7647,300.9647,301.0647,300.9647,300.7647
302.1647,302.1647,302.0647,302.0647,302.0647,302.1647,302.2647,302.1647,302.1647,302.1647,302.1647,301.9647,302.2647,301.7647,301.7647,301.6647,301.5647,301.6647,301.8647,301.7647,301.7647,301.7647,301.7647,301.5647,301.5647,301.2647,301.3647,301.3647,301.1647,301.2647,301.3647,301.3647,301.4647,301.3647,301.2647,301.1647,301.0647,300.9647,300.9647,301.0647,300.9647,300.7647,300.9647,300.8647,300.5647,300.3647,300.0647,300.1647,300.1647,300.2647,300.1647,300.1647,300.0647,300.1647,300.3647,300.4647,300.3647,300.4647,300.4647,300.6647,300.5647,300.4647,300.1647
302.1647,301.7647,301.7647,301.8647,301.9647,301.8647,301.9647,301.9647,302.1647,302.1647,302.0647,301.8647,301.3647,302.0647,301.6647,301.6647,301.4647,301.4647,301.4647,301.4647,301.5647,301.3647,301.3647,301.3647,301.1647,301.0647,300.8647,301.0647,300.8647,300.9647,300.8647,300.8647,300.9647,301.0647,300.9647,300.7647,300.6647,300.8647,300.6647,300.6647,300.6647,300.5647,300.2647,300.1647,299.9647,299.8647,299.4647,299.4647,299.4647,299.5647,299.4647,299.4647,299.6647,299.4647,299.6647,299.7647,299.9647,300.2647,300.1647,299.8647,299.6647,299.5647,299.0647
301.9647,301.7647,301.7647,301.8647,301.7647,301.7647,301.7647,301.8647,301.8647,301.7647,302.0647,301.9647,301.8647,301.9647,301.6647,301.5647,301.3647,301.2647,301.2647,301.0647,301.3647,301.1647,300.9647,300.9647,300.6647,300.5647,300.6647,300.7647,300.4647,300.4647,300.5647,300.6647,300.7647,300.5647,300.4647,300.5647,300.3647,300.3647,300.1647,300.2647,300.1647,300.2647,299.9647,299.7647,299.5647,299.1647,298.9647,298.7647,298.5647,298.5647,298.6647,298.7647,298.9647,299.1647,299.2647,299.1647,299.3647,299.8647,299.8647,299.3647,298.9647,298.6647,298.2647
301.6647,301.4647,301.3647,301.3647,301.3647,301.4647,301.3647,301.5647,301.4647,301.6647,301.6647,301.7647,301.7647,301.0647,300.3647,301.0647,301.0647,300.9647,300.8647,300.8647,300.8647,300.7647,300.7647,300.6647,300.2647,300.3647,300.1647,300.2647,300.1647,300.0647,300.0647,300.1647,300.2647,300.1647,300.1647,299.9647,299.7647,299.7647,299.7647,299.6647,299.6647,299.7647,299.5647,299.2647,298.7647,298.4647,298.2647,297.9647,297.6647,297.6647,297.7647,297.9647,298.3647,298.4647,298.4647,298.2647,298.6647,299.1647,299.0647,298.8647,298.4647,298.4647,297.8647
301.5647,301.1647,301.2647,301.1647,301.1647,301.0647,301.0647,301.0647,300.9647,301.1647,301.3647,301.2647,301.3647,301.1647,300.7647,300.8647,300.5647,300.3647,300.3647,300.5647,300.4647,300.3647,300.3647,300.1647,300.1647,299.9647,299.9647,299.7647,299.7647,299.7647,299.7647,299.6647,299.6647,299.5647,299.3647,299.2647,299.1647,299.0647,298.9647,299.0647,299.0647,299.1647,298.8647,298.6647,298.3647,297.9647,297.5647,297.3647,296.9647,297.0647,297.1647,297.2647,297.4647,297.5647,297.5647,297.2647,297.4647,297.7647,297.8647,297.7647,297.5647,297.4647,296.9647
301.5647,301.2647,301.1647,301.1647,301.0647,301.0647,300.8647,300.8647,300.9647,301.0647,301.0647,301.0647,301.0647,300.9647,300.8647,300.5647,300.3647,300.2647,300.2647,300.2647,300.3647,300.2647,300.1647,300.0647,299.9647,299.8647,299.7647,299.5647,299.6647,299.4647,299.4647,299.3647,299.3647,299.2647,299.1647,299.1647,298.8647,298.8647,298.9647,298.8647,298.8647,298.7647,298.4647,298.4647,298.0647,297.8647,297.4647,297.3647,297.1647,297.0647,296.7647,296.7647,296.8647,296.9647,296.9647,296.7647,296.8647,296.9647,297.0647,296.8647,296.3647,296.1647,295.7647
301.5647,301.3647,301.3647,301.3647,301.2647,301.1647,300.8647,301.0647,301.0647,301.0647,301.1647,301.0647,300.9647,300.9647,300.6647,300.6647,300.3647,300.3647,300.3647,300.2647,300.2647,300.4647,300.4647,300.2647,300.1647,300.1647,299.9647,299.8647,299.7647,299.6647,299.5647,299.6647,299.6647,299.4647,299.2647,299.1647,299.1647,299.0647,299.0647,298.8647,298.8647,298.6647,298.5647,298.3647,298.2647,298.1647,298.0647,297.8647,297.8647,297.6647,297.3647,296.9647,296.9647,296.9647,297.0647,297.0647,296.9647,297.0647,296.8647,296.8647,296.5647,296.4647,296.0647
301.6647,301.6647,301.5647,301.6647,301.7647,301.5647,301.3647,301.2647,301.1647,301.2647,301.4647,301.1647,301.0647,301.0647,300.8647,300.8647,300.7647,300.7647,300.5647,300.5647,300.4647,300.5647,300.5647,300.4647,300.3647,300.1647,300.2647,300.0647,299.9647,299.9647,299.9647,299.9647,299.9647,299.7647,299.6647,299.4647,299.3647,299.3647,299.3647,299.2647,299.1647,299.0647,298.9647,298.9647,298.7647,298.8647,298.7647,298.6647,298.4647,298.1647,298.0647,297.6647,297.6647,297.6647,297.4647,297.3647,297.4647,297.4647,297.3647,297.3647,297.2647,297.0647,296.9647
301.4647,301.8647,301.8647,301.5647,301.7647,301.7647,301.6647,301.5647,301.3647,301.3647,301.4647,301.3647,301.2647,301.1647,301.0647,300.8647,300.7647,300.6647,300.7647,300.5647,300.4647,300.4647,300.4647,300.5647,300.5647,300.5647,300.3647,300.4647,300.2647,300.2647,300.2647,300.0647,300.0647,300.0647,299.8647,299.7647,299.6647,299.7647,299.6647,299.6647,299.4647,299.4647,299.3647,299.4647,299.5647,299.4647,299.0647,299.0647,299.0647,298.6647,298.5647,298.4647,298.3647,298.2647,298.0647,297.8647,297.7647,297.7647,297.8647,297.6647,297.7647,297.6647,297.5647
302.0647,302.0647,301.6647,301.7647,301.8647,301.9647,301.6647,301.5647,301.3647,301.4647,301.2647,301.4647,301.2647,301.2647,301.2647,301.1647,299.9647,300.7647,300.8647,300.7647,300.4647,300.6647,300.5647,300.4647,300.5647,300.3647,300.4647,300.2647,300.2647,300.3647,300.2647,300.1647,300.0647,300.0647,300.1647,299.9647,299.6647,299.8647,299.7647,299.7647,299.5647,299.4647,299.5647,299.7647,299.6647,299.6647,299.4647,299.3647,299.1647,298.9647,298.9647,298.7647,298.6647,298.5647,298.4647,298.0647,297.9647,298.0647,297.8647,297.9647,298.0647,297.8647,297.8647
301.9647,301.9647,301.7647,301.7647,301.8647,302.0647,301.8647,301.8647,301.6647,301.4647,301.5647,301.2647,301.5647,301.3647,301.2647,301.1647,301.1647,300.8647,300.8647,300.7647,300.7647,300.4647,300.6647,300.5647,300.5647,300.4647,300.4647,300.3647,300.4647,300.3647,300.2647,300.1647,299.9647,300.0647,299.9647,299.9647,299.8647,299.7647,299.7647,299.6647,299.6647,299.4647,299.4647,299.4647,299.5647,299.5647,299.5647,299.4647,299.1647,299.0647,298.9647,298.6647,298.6647,298.4647,298.5647,298.4647,298.2647,298.0647,298.1647,298.1647,298.2647,298.1647,298.2647
302.2647,301.7647,301.7647,301.8647,301.9647,301.8647,301.8647,301.8647,301.6647,301.6647,301.3647,301.4647,301.3647,301.3647,301.4647,300.9647,301.0647,301.2647,300.9647,301.0647,300.9647,300.9647,300.8647,300.7647,300.5647,300.4647,300.5647,300.5647,300.4647,300.3647,300.3647,300.2647,299.8647,300.1647,300.0647,299.9647,299.8647,299.9647,299.7647,299.6647,299.5647,299.6647,299.4647,299.4647,299.4647,299.3647,299.3647,299.3647,299.3647,299.0647,299.0647,298.9647,298.7647,298.6647,298.5647,298.4647,298.3647,298.3647,298.3647,298.5647,298.3647,298.2647,298.3647
301.9647,301.9647,301.9647,301.9647,302.0647,301.9647,302.0647,301.8647,301.8647,301.7647,301.6647,301.5647,301.4647,301.4647,301.5647,301.2647,301.1647,301.3647,301.2647,301.0647,300.9647,301.0647,300.8647,300.6647,300.7647,300.7647,300.5647,300.4647,300.4647,300.1647,300.3647,300.2647,300.2647,300.2647,300.0647,299.8647,299.9647,299.7647,299.6647,299.5647,299.5647,299.4647,299.5647,299.4647,299.3647,299.3647,299.1647,299.1647,299.0647,299.0647,299.0647,298.5647,298.8647,298.7647,298.6647,298.6647,298.7647,298.5647,298.5647,298.4647,298.3647,298.3647,298.3647
302.2647,301.9647,302.1647,302.2647,302.1647,302.1647,302.0647,302.0647,302.0647,301.8647,301.6647,301.6647,301.5647,301.6647,301.6647,301.4647,301.5647,301.4647,301.4647,301.2647,301.1647,301.0647,301.0647,300.8647,300.9647,300.8647,300.6647,300.7647,300.5647,300.5647,300.2647,300.5647,300.3647,300.1647,300.0647,300.1647,300.0647,299.9647,299.8647,299.7647,299.6647,299.6647,299.7647,299.2647,299.3647,299.3647,299.2647,299.0647,299.0647,299.1647,298.8647,299.0647,299.0647,298.8647,298.7647,298.6647,298.8647,298.6647,298.6647,298.5647,298.3647,298.2647,298.2647
302.3647,302.4647,302.3647,302.2647,302.3647,302.2647,302.4647,302.1647,302.1647,302.0647,301.9647,301.7647,301.7647,301.4647,301.6647,301.4647,301.5647,301.4647,301.3647,301.2647,301.3647,301.3647,301.1647,300.9647,300.9647,300.7647,300.8647,300.8647,300.6647,300.6647,300.4647,300.1647,300.2647,300.2647,300.0647,299.9647,299.9647,299.8647,299.7647,299.9647,299.5647,299.5647,299.5647,299.3647,299.0647,299.1647,299.0647,298.9647,299.0647,298.9647,299.1647,299.0647,298.9647,298.7647,298.8647,298.8647,298.6647,298.4647,298.4647,298.3647,298.4647,298.2647,298.0647
302.4647,302.4647,302.2647,302.3647,302.3647,302.4647,302.2647,302.1647,301.9647,302.0647,301.7647,301.9647,301.6647,301.7647,301.5647,301.5647,301.4647,301.4647,301.3647,301.5647,301.2647,301.1647,301.1647,300.9647,300.9647,300.6647,300.7647,300.6647,300.5647,300.4647,300.3647,300.2647,300.3647,300.0647,299.7647,299.9647,299.8647,299.9647,299.6647,299.5647,299.5647,299.4647,299.3647,299.1647,298.9647,299.0647,298.9647,298.8647,299.0647,298.9647,299.0647,298.7647,298.8647,298.6647,298.5647,298.7647,298.1647,298.2647,298.1647,298.1647,298.0647,297.9647,297.9647
302.2647,302.0647,302.1647,302.2647,302.2647,302.2647,302.2647,302.0647,302.2647,302.0647,301.7647,301.8647,301.5647,301.5647,301.5647,301.3647,301.3647,301.3647,301.3647,301.3647,301.1647,301.0647,301.0647,300.9647,300.7647,300.7647,300.6647,300.4647,300.2647,300.3647,300.2647,300.1647,300.2647,299.9647,299.8647,299.8647,299.5647,299.5647,299.6647,299.4647,299.2647,299.2647,299.0647,298.8647,298.9647,298.9647,298.6647,298.7647,298.8647,298.7647,298.7647,298.6647,298.5647,298.5647,298.6647,298.3647,298.1647,298.3647,298.0647,297.9647,297.8647,297.8647,298.0647
301.9647,301.8647,302.1647,301.9647,302.0647,302.0647,302.0647,301.8647,301.7647,301.6647,301.6647,301.7647,301.5647,301.4647,301.4647,301.2647,301.3647,301.2647,301.3647,301.3647,301.1647,301.1647,301.0647,300.9647,300.6647,300.6647,300.3647,300.2647,300.0647,300.2647,300.0647,300.0647,299.8647,299.9647,299.6647,299.6647,299.4647,299.4647,299.3647,299.3647,299.1647,299.0647,298.9647,298.7647,298.6647,298.4647,298.6647,298.4647,298.4647,298.4647,298.4647,298.3647,298.3647,298.4647,298.3647,298.1647,298.1647,297.8647,297.7647,297.8647,297.6647,297.7647,297.6647
301.8647,301.7647,301.9647,301.9647,302.0647,301.8647,301.7647,301.8647,301.8647,301.5647,301.6647,301.4647,301.5647,301.3647,301.3647,301.2647,301.2647,301.0647,301.2647,301.2647,301.0647,300.9647,300.8647,300.8647,300.6647,300.4647,300.4647,300.3647,300.3647,300.1647,300.0647,299.9647,299.8647,299.8647,299.6647,299.5647,299.3647,299.3647,299.0647,299.2647,299.0647,298.9647,298.7647,298.5647,298.4647,298.3647,298.2647,298.2647,298.2647,298.1647,298.2647,298.2647,298.0647,297.9647,298.1647,297.7647,297.7647,297.6647,297.4647,297.3647,297.4647,297.3647,297.2647
301.9647,301.8647,301.7647,301.7647,301.6647,301.5647,301.4647,301.6647,301.4647,301.4647,301.2647,301.4647,301.3647,301.3647,301.2647,301.2647,301.1647,301.0647,301.0647,301.1647,301.0647,300.9647,300.8647,300.7647,300.5647,300.7647,300.5647,300.3647,300.1647,300.2647,300.3647,299.8647,299.9647,299.7647,299.6647,299.5647,299.1647,299.0647,299.0647,299.0647,299.0647,298.7647,298.6647,298.3647,298.0647,298.3647,298.3647,298.1647,298.1647,297.9647,298.1647,297.9647,297.7647,297.6647,297.6647,297.5647,297.4647,297.3647,296.9647,297.1647,296.9647,296.9647,296.7647
301.2647,301.2647,301.5647,301.2647,301.3647,301.3647,301.1647,301.2647,301.1647,301.2647,301.1647,301.1647,301.2647,301.2647,301.0647,300.9647,300.8647,300.9647,300.8647,300.9647,300.9647,300.9647,300.8647,300.9647,300.6647,300.4647,300.4647,300.1647,300.2647,300.0647,299.9647,299.8647,299.9647,299.7647,299.4647,299.3647,299.3647,299.1647,299.1647,298.9647,298.8647,298.8647,298.6647,298.4647,298.2647,297.9647,298.0647,297.9647,297.9647,297.9647,297.7647,297.7647,297.6647,297.5647,297.4647,297.2647,297.0647,296.9647,296.9647,296.7647,296.5647,296.5647,296.5647
300.8647,300.8647,300.8647,301.1647,301.0647,301.0647,300.7647,300.7647,300.7647,300.7647,300.8647,300.8647,300.7647,300.9647,300.7647,300.6647,300.6647,300.5647,300.7647,300.7647,300.7647,300.7647,300.6647,300.5647,300.3647,300.3647,300.3647,300.0647,300.1647,300.0647,300.1647,300.0647,299.7647,299.6647,299.3647,299.5647,299.3647,299.2647,299.1647,299.0647,299.0647,298.8647,298.6647,298.5647,298.3647,298.2647,297.9647,297.8647,297.9647,297.7647,297.6647,297.5647,297.5647,297.3647,297.2647,296.9647,296.9647,296.8647,296.4647,296.4647,296.5647,296.2647,296.1647
300.4647,300.2647,300.4647,300.6647,300.6647,300.4647,300.3647,300.1647,300.0647,300.1647,300.4647,300.5647,300.6647,300.5647,300.4647,300.3647,300.5647,300.5647,300.4647,300.5647,300.5647,300.5647,300.4647,300.1647,300.0647,299.9647,299.9647,299.9647,300.0647,300.0647,299.7647,299.6647,299.4647,299.5647,299.4647,299.1647,299.1647,299.1647,298.9647,299.1647,298.8647,298.7647,298.5647,298.3647,298.2647,298.2647,297.9647,298.0647,297.7647,297.4647,297.1647,297.4647,297.1647,297.3647,297.1647,296.9647,296.8647,296.8647,296.4647,296.3647,296.3647,296.2647,296.1647
299.7647,299.7647,299.7647,299.9647,299.9647,299.8647,299.6647,299.7647,299.7647,299.7647,299.7647,299.9647,300.1647,300.0647,300.2647,300.1647,300.1647,300.2647,300.1647,300.1647,300.0647,300.1647,300.1647,300.0647,299.7647,299.6647,299.7647,299.6647,299.7647,299.7647,299.7647,299.5647,299.3647,299.2647,299.2647,299.2647,299.0647,299.0647,298.9647,298.8647,298.8647,298.6647,298.3647,298.3647,298.3647,298.2647,297.9647,297.9647,297.6647,297.6647,297.4647,297.4647,297.4647,297.1647,297.2647,296.7647,296.8647,296.5647,296.4647,296.3647,296.2647,296.3647,296.2647
299.0647,299.7647,299.0647,298.8647,299.1647,299.0647,298.8647,298.7647,298.8647,299.0647,299.1647,299.6647,299.7647,299.4647,299.5647,299.7647,299.9647,299.8647,299.6647,299.4647,299.6647,299.8647,299.6647,299.5647,299.6647,299.6647,299.8647,299.5647,299.3647,299.2647,299.4647,299.4647,299.3647,299.1647,299.0647,298.9647,298.8647,298.8647,298.6647,298.6647,298.3647,298.3647,298.1647,298.2647,298.1647,298.0647,297.7647,297.8647,297.6647,297.6647,297.4647,297.5647,297.3647,297.2647,296.9647,296.8647,296.7647,296.5647,296.4647,296.2647,296.2647,296.1647,296.1647
298.2647,298.3647,298.1647,298.0647,298.0647,298.3647,298.1647,297.8647,297.6647,298.2647,298.4647,298.3647,298.4647,299.3647,299.0647,299.2647,299.3647,299.2647,299.1647,299.3647,299.1647,299.3647,299.3647,299.1647,299.3647,299.4647,299.1647,299.2647,299.1647,299.0647,299.0647,299.1647,299.0647,298.9647,298.8647,298.6647,298.5647,298.6647,298.5647,298.1647,298.1647,298.2647,298.0647,297.8647,297.9647,297.9647,297.7647,297.5647,297.4647,297.3647,297.5647,297.3647,297.3647,297.2647,297.0647,296.8647,296.6647,296.5647,296.4647,296.3647,296.0647,296.1647,295.9647
297.6647,297.2647,297.3647,297.2647,297.2647,297.7647,297.6647,297.3647,297.0647,297.8647,297.9647,297.9647,297.4647,297.6647,297.9647,298.5647,298.8647,298.7647,298.8647,298.9647,298.8647,298.8647,298.7647,298.4647,298.5647,298.9647,299.1647,298.8647,298.4647,298.6647,298.7647,298.8647,298.8647,298.5647,298.3647,298.3647,298.3647,298.2647,298.1647,298.1647,298.0647,297.9647,297.7647,297.6647,297.6647,297.6647,297.5647,297.3647,297.3647,297.3647,297.2647,297.0647,297.1647,296.9647,296.8647,296.8647,296.5647,296.5647,296.2647,296.0647,296.0647,295.9647,295.8647
